,GPS LATITUDE (degrees), GPS LONGITUDE (degrees), GPS ALTITUDE (m), GPS SPEED (Kmh), GPS ACCURACY (m), GPS ORIENTATION (Â°),GPS SATELLITES IN RANGE, TIME SINCE START (ms), DATE (YYYY-MO-DD HH-MI-SS_SSS), ACCELEROMETER X (m/s²) , ACCELEROMETER Y (m/s²), ACCELEROMETER Z (m/s²), GRAVITY X (m/s²), GRAVITY Y (m/s²), GRAVITY Z (m/s²), GYROSCOPE Yaw (rad/s), GYROSCOPE Pitch (rad/s), GYROSCOPE Roll (rad/s), MAGNETIC FIELD X (Î¼T), MAGNETIC FIELD Y (Î¼T), MAGNETIC FIELD Z (Î¼T), ORIENTATION (Yaw) (Â°), ORIENTATION (Pitch) (Â°), ORIENTATION (Roll ) (Â°)
5674,50.940628,-3.292912,179,25.58,11.0,239.6,Nov-21,567539,2019-08-17 07:29:56:906,0.0996,-0.0867,10.5727,-0.0156,-0.0149,9.8066,0.018,-0.0031,-0.0054,-14.56,23.28,-12.09,236.77,0.13,0.29
5675,50.940628,-3.292912,179,25.58,11.0,239.6,Nov-21,567639,2019-08-17 07:29:57:006,-0.256,-0.0252,9.3785,-0.0369,-0.0394,9.8065,-0.0363,-0.0414,0.0128,-14.56,23.28,-12.09,236.77,0.13,0.29
5676,50.940628,-3.292912,179,25.58,11.0,239.6,Nov-21,567739,2019-08-17 07:29:57:106,-0.357,0.069,9.6946,-0.0093,-0.0178,9.8066,0.0297,0.0374,-0.0309,-13.9,23.46,-12.5,238.66,-0.18,0.34
5677,50.940628,-3.292912,179,25.58,11.0,239.6,Nov-21,567839,2019-08-17 07:29:57:206,-0.4071,0.2578,10.7915,-0.0031,-0.0043,9.8067,-0.0321,0.0385,-0.016,-14.38,23.46,-11.94,238.67,-0.22,0.34
5678,50.940628,-3.292912,179,25.58,11.0,239.6,Nov-21,567940,2019-08-17 07:29:57:307,-0.1693,-0.0069,9.9792,0.0244,0.0291,9.8066,0.0084,-0.0478,-0.0128,-14.38,23.46,-11.94,238.67,-0.22,0.34
5679,50.940628,-3.292912,179,25.58,11.0,239.6,Nov-21,568040,2019-08-17 07:29:57:407,0.1267,0.0121,10.5344,0.0376,0.0367,9.8065,-0.0022,-0.051,-0.0064,-14.11,23.82,-11.55,239.67,0.0,0.31
5680,50.940628,-3.292912,179,25.58,11.0,239.6,Nov-21,568140,2019-08-17 07:29:57:507,0.2647,-0.0779,9.4082,0.0175,-0.0041,9.8066,-0.0022,-0.051,-0.0064,-13.24,23.99,-12.21,241.39,0.3,0.23
5681,50.940628,-3.292912,179,25.58,11.0,239.6,Nov-21,568239,2019-08-17 07:29:57:606,-0.0918,-0.0453,9.4149,0.027,-0.0129,9.8066,0.0084,-0.0478,-0.0011,-13.81,23.64,-12.28,241.39,0.3,0.23
5682,50.940628,-3.292912,179,25.58,11.0,239.6,Nov-21,568339,2019-08-17 07:29:57:706,0.0316,-0.0874,10.6815,0.0083,-0.036,9.8066,0.018,0.0321,0.016,-13.24,23.99,-12.21,241.49,0.14,0.09
5683,50.940628,-3.292912,179,25.58,11.0,239.6,Nov-21,568439,2019-08-17 07:29:57:806,-0.3647,0.0796,9.9147,-0.0279,-0.0128,9.8066,0.0478,0.0459,-0.0107,-14.31,23.82,-11.32,241.49,0.14,0.09
5684,50.940514,-3.293242,178,25.82,11.0,239.1,Nov-21,568540,2019-08-17 07:29:57:907,-0.5275,-0.0208,10.3399,-0.0643,-0.0115,9.8064,0.0233,-0.0244,0.001,-13.46,24.0,-11.96,241.52,-0.1,0.38
5685,50.940514,-3.293242,178,25.82,11.0,239.1,Nov-21,568639,2019-08-17 07:29:58:006,-0.1561,0.1046,8.7648,-0.0424,0.032,9.8065,0.001,-0.05,-0.0021,-13.46,24.0,-11.96,241.52,-0.1,0.38
5686,50.940514,-3.293242,178,25.82,11.0,239.1,Nov-21,568739,2019-08-17 07:29:58:106,-0.3415,-0.1766,9.4124,0.0234,0.0203,9.8066,-0.0161,0.0225,0.016,-14.01,23.64,-12.03,239.61,-0.05,0.69
5687,50.940514,-3.293242,178,25.82,11.0,239.1,Nov-21,568839,2019-08-17 07:29:58:206,0.1984,-0.0373,8.8279,0.0034,0.0139,9.8066,0.0265,-0.0191,0.0181,-13.55,24.17,-11.49,239.57,0.12,0.63
5688,50.940514,-3.293242,178,25.82,11.0,239.1,Nov-21,568939,2019-08-17 07:29:58:306,-0.0043,0.5776,10.3344,-0.0194,0.0297,9.8066,0.0265,-0.0191,0.0181,-13.55,24.17,-11.49,239.57,0.12,0.63
5689,50.940514,-3.293242,178,25.82,11.0,239.1,Nov-21,569040,2019-08-17 07:29:58:407,0.2755,0.1303,7.7711,-0.0195,0.0184,9.8066,-0.0097,0.1652,0.0501,-13.17,24.35,-11.57,241.3,0.21,0.82
5690,50.940514,-3.293242,178,25.82,11.0,239.1,Nov-21,569140,2019-08-17 07:29:58:507,-0.2268,0.0921,9.9991,-0.004,0.0233,9.8066,-0.0321,0.0182,-0.0011,-13.46,24.0,-11.96,241.24,0.32,0.91
5691,50.940514,-3.293242,178,25.82,11.0,239.1,Nov-21,569240,2019-08-17 07:29:58:607,-0.2209,0.0572,11.263,0.0062,-0.022,9.8066,-0.0001,0.063,-0.0384,-13.46,24.0,-11.96,241.24,0.32,0.91
5692,50.940514,-3.293242,178,25.82,11.0,239.1,Nov-21,569339,2019-08-17 07:29:58:706,0.2022,-0.1008,8.8553,0.0119,-0.0289,9.8066,-0.0235,-0.0212,-0.0011,-13.35,23.81,-12.43,241.3,0.22,0.81
5693,50.940514,-3.293242,178,25.82,11.0,239.1,Nov-21,569440,2019-08-17 07:29:58:807,0.0787,-0.2653,9.1615,0.0087,-0.072,9.8064,0.001,0.0182,0.0149,-14.01,23.64,-12.03,239.67,-0.12,0.56
5694,50.940407,-3.293523,181,25.54,11.0,239.5,Nov-21,569539,2019-08-17 07:29:58:906,-0.1234,-0.1295,10.6297,0.0145,0.0376,9.8066,0.0617,-0.0414,-0.0266,-13.37,23.84,-12.36,241.48,-0.06,0.48
5695,50.940407,-3.293523,181,25.54,11.0,239.5,Nov-21,569640,2019-08-17 07:29:59:007,-0.0141,0.2662,9.0578,0.0173,0.0741,9.8064,0.0617,-0.0414,-0.0266,-13.37,23.84,-12.36,241.48,-0.06,0.48
5696,50.940407,-3.293523,181,25.54,11.0,239.5,Nov-21,569739,2019-08-17 07:29:59:106,0.2262,0.3883,9.2174,-0.0166,0.0206,9.8066,0.0095,-0.0308,-0.0011,-12.98,24.01,-12.45,241.28,0.37,0.59
5697,50.940407,-3.293523,181,25.54,11.0,239.5,Nov-21,569839,2019-08-17 07:29:59:206,0.0014,0.2334,9.0442,-0.0179,0.0247,9.8066,0.0074,0.0491,0.0032,-13.17,24.35,-11.57,241.28,0.37,0.59
5698,50.940407,-3.293523,181,25.54,11.0,239.5,Nov-21,569939,2019-08-17 07:29:59:306,0.0534,0.1357,9.6788,-0.0319,0.0086,9.8066,-0.0331,-0.0031,0.0064,-13.73,24.0,-11.64,239.45,0.33,0.78
5699,50.940407,-3.293523,181,25.54,11.0,239.5,Nov-21,570039,2019-08-17 07:29:59:406,0.1516,-0.0318,9.6271,-0.0131,-0.0414,9.8066,0.0031,0.0555,-0.0149,-13.73,24.0,-11.64,239.45,0.33,0.78
5700,50.940407,-3.293523,181,25.54,11.0,239.5,Nov-21,570140,2019-08-17 07:29:59:507,-0.1835,-0.14,11.1656,-0.0249,-0.0641,9.8064,-0.0033,-0.0542,0.0053,-13.84,23.82,-11.88,239.61,-0.07,0.72
5701,50.940407,-3.293523,181,25.54,11.0,239.5,Nov-21,570240,2019-08-17 07:29:59:607,0.3121,-0.0374,9.5996,0.0123,-0.0036,9.8066,-0.0321,-0.0809,0.0117,-13.34,24.18,-11.73,241.44,-0.05,0.64
5702,50.940407,-3.293523,181,25.54,11.0,239.5,Nov-21,570340,2019-08-17 07:29:59:707,0.7332,0.0023,8.6659,0.023,0.0324,9.8066,0.0169,-0.0425,-0.0128,-13.34,24.18,-11.73,241.44,-0.05,0.64
5703,50.940407,-3.293523,181,25.54,11.0,239.5,Nov-21,570439,2019-08-17 07:29:59:806,0.2467,-0.3859,9.9491,0.0201,0.0184,9.8066,0.0169,-0.0425,-0.0128,-13.17,24.35,-11.57,241.36,0.18,0.62
5704,50.940304,-3.293846,181,25.68,11.0,240.3,Nov-21,570540,2019-08-17 07:29:59:907,-0.2587,0.158,10.1525,-0.0081,0.0026,9.8066,-0.0065,0.0523,0.0149,-13.35,23.81,-12.43,241.31,0.33,0.56
5705,50.940304,-3.293846,181,25.68,11.0,240.3,Nov-21,570639,2019-08-17 07:30:00:006,0.0117,0.1296,10.4324,-0.0185,0.0133,9.8066,0.0265,0.0033,-0.0192,-13.35,23.81,-12.43,241.31,0.33,0.56
5706,50.940304,-3.293846,181,25.68,11.0,240.3,Nov-21,570740,2019-08-17 07:30:00:107,-0.2848,-0.0798,9.2979,-0.0333,-0.007,9.8066,0.0148,0.0342,-0.0245,-12.98,24.01,-12.45,241.27,0.34,0.7
5707,50.940304,-3.293846,181,25.68,11.0,240.3,Nov-21,570839,2019-08-17 07:30:00:206,-0.2756,-0.11,9.8706,-0.0588,-0.0375,9.8064,-0.0171,0.0022,-0.0011,-13.54,23.66,-12.52,239.53,-0.01,0.89
5708,50.940304,-3.293846,181,25.68,11.0,240.3,Nov-21,570940,2019-08-17 07:30:00:307,-0.2011,-0.0966,10.9579,-0.0043,-0.0249,9.8066,-0.0267,0.0086,0.0074,-13.55,24.17,-11.49,239.63,-0.15,0.84
5709,50.940304,-3.293846,181,25.68,11.0,240.3,Nov-21,571040,2019-08-17 07:30:00:407,-0.035,0.1076,8.5199,0.0051,0.0188,9.8066,-0.0267,0.0086,0.0074,-13.55,24.17,-11.49,239.63,-0.15,0.84
5710,50.940304,-3.293846,181,25.68,11.0,240.3,Nov-21,571139,2019-08-17 07:30:00:506,-0.1886,0.1353,10.73,-0.0035,0.0169,9.8066,0.0127,-0.034,-0.0021,-13.34,23.31,-13.37,240.33,-0.04,0.87
5711,50.940304,-3.293846,181,25.68,11.0,240.3,Nov-21,571240,2019-08-17 07:30:00:607,-0.0376,0.0319,9.5935,0.0112,0.022,9.8066,-0.0257,-0.0201,-0.0064,-13.24,23.99,-12.21,240.33,-0.04,0.87
5712,50.940304,-3.293846,181,25.68,11.0,240.3,Nov-21,571340,2019-08-17 07:30:00:707,0.468,0.1362,8.5074,0.0099,0.0048,9.8066,0.0159,-0.0436,-0.0096,-12.9,24.33,-11.89,241.33,0.12,0.84
5713,50.940304,-3.293846,181,25.68,11.0,240.3,Nov-21,571439,2019-08-17 07:30:00:806,0.1879,-0.1726,10.1941,0.0103,0.0129,9.8066,0.0031,-0.0287,-0.0021,-12.9,24.33,-11.89,241.33,0.12,0.84
5714,50.940197,-3.294153,182,25.71,11.0,240.7,Nov-21,571540,2019-08-17 07:30:00:907,0.0408,-0.1335,9.6498,-0.0183,-0.004,9.8066,0.034,0.0076,0.0064,-12.51,24.5,-11.98,241.3,0.22,0.82
5715,50.940197,-3.294153,182,25.71,11.0,240.7,Nov-21,571639,2019-08-17 07:30:01:006,-0.0061,0.2178,10.0813,-0.0258,0.0128,9.8066,0.0127,0.0012,0.0064,-12.82,24.18,-12.29,241.26,0.21,0.99
5716,50.940197,-3.294153,182,25.71,11.0,240.7,Nov-21,571739,2019-08-17 07:30:01:106,0.0019,0.3232,10.1301,-0.015,0.0113,9.8066,-0.0107,0.0395,-0.0128,-12.82,24.18,-12.29,241.26,0.21,0.99
5717,50.940197,-3.294153,182,25.71,11.0,240.7,Nov-21,571840,2019-08-17 07:30:01:207,-0.0821,-0.0088,8.0451,-0.0054,-0.0046,9.8066,-0.0107,0.0395,-0.0128,-13.17,24.35,-11.57,241.23,0.23,1.1
5718,50.940197,-3.294153,182,25.71,11.0,240.7,Nov-21,571939,2019-08-17 07:30:01:306,-0.0892,0.0693,11.1427,0.0023,-0.009,9.8066,-0.0193,-0.0105,-0.0181,-13.07,24.17,-12.05,241.25,0.19,1.06
5719,50.940197,-3.294153,182,25.71,11.0,240.7,Nov-21,572040,2019-08-17 07:30:01:407,0.277,-0.138,10.1119,0.0199,0.001,9.8066,0.0468,-0.0169,-0.0437,-13.34,24.18,-11.73,241.25,0.25,0.96
5720,50.940197,-3.294153,182,25.71,11.0,240.7,Nov-21,572140,2019-08-17 07:30:01:507,-0.7064,-0.0189,12.0726,0.0079,0.0074,9.8066,-0.048,0.0821,-0.0245,-13.34,24.18,-11.73,241.25,0.25,0.96
5721,50.940197,-3.294153,182,25.71,11.0,240.7,Nov-21,572240,2019-08-17 07:30:01:607,-0.1718,-0.2769,11.3443,-0.0027,-0.0093,9.8066,0.0233,0.145,-0.0309,-12.91,24.36,-11.83,241.27,0.31,0.77
5722,50.940197,-3.294153,182,25.71,11.0,240.7,Nov-21,572339,2019-08-17 07:30:01:706,-0.1076,0.4116,8.6864,0.0088,0.0159,9.8066,0.0212,-0.051,0.0202,-12.77,24.52,-11.65,242.21,0.42,0.77
5723,50.940197,-3.294153,182,25.71,11.0,240.7,Nov-21,572439,2019-08-17 07:30:01:806,-0.1455,0.4099,7.6262,-0.0201,0.0164,9.8066,-0.0139,-0.0329,0.0351,-12.77,24.52,-11.65,242.21,0.42,0.77
5724,50.94008,-3.294476,183,26.09,11.0,241.1,Nov-21,572539,2019-08-17 07:30:01:906,-0.3399,0.5123,8.7231,-0.0631,-0.0049,9.8064,-0.0139,-0.0329,0.0351,-12.44,24.33,-12.38,242.21,0.42,0.77
5725,50.94008,-3.294476,183,26.09,11.0,241.1,Nov-21,572639,2019-08-17 07:30:02:006,-0.3752,0.1195,10.684,-0.0581,-0.0334,9.8064,0.0521,0.161,-0.0394,-12.86,24.7,-11.16,242.24,0.22,1.09
5726,50.94008,-3.294476,183,26.09,11.0,241.1,Nov-21,572740,2019-08-17 07:30:02:107,-0.3553,-0.0159,11.1082,-0.0051,0.0011,9.8066,-0.0044,-0.0681,-0.0149,-12.98,24.01,-12.45,241.32,-0.11,1.3
5727,50.94008,-3.294476,183,26.09,11.0,241.1,Nov-21,572839,2019-08-17 07:30:02:206,-0.1042,0.3714,8.8835,0.0083,0.0337,9.8066,0.0191,-0.1309,-0.0192,-12.49,23.98,-13.0,243.09,0.09,1.35
5728,50.94008,-3.294476,183,26.09,11.0,241.1,Nov-21,572939,2019-08-17 07:30:02:306,-0.1813,0.2476,9.0319,0.0061,0.0476,9.8065,-0.031,0.0299,-0.0203,-12.49,23.98,-13.0,243.09,0.09,1.35
5729,50.94008,-3.294476,183,26.09,11.0,241.1,Nov-21,573040,2019-08-17 07:30:02:407,0.2229,-0.0732,9.876,-0.0054,-0.018,9.8066,-0.0118,-0.05,-0.0021,-12.75,24.0,-12.7,241.06,0.35,1.44
5730,50.94008,-3.294476,183,26.09,11.0,241.1,Nov-21,573139,2019-08-17 07:30:02:506,0.0359,-0.2697,11.6452,0.0365,0.0022,9.8066,-0.0342,-0.0766,-0.0203,-12.52,24.52,-11.91,242.09,0.47,1.26
5731,50.94008,-3.294476,183,26.09,11.0,241.1,Nov-21,573239,2019-08-17 07:30:02:606,0.5483,-0.0198,9.9716,0.0173,-0.0253,9.8066,-0.0342,-0.0766,-0.0203,-12.43,24.34,-12.37,243.05,0.38,1.1
5732,50.94008,-3.294476,183,26.09,11.0,241.1,Nov-21,573340,2019-08-17 07:30:02:707,-0.0767,-0.0414,10.3899,0.0002,-0.0173,9.8066,0.0042,-0.0532,-0.0053,-12.43,24.34,-12.37,243.05,0.38,1.1
5733,50.94008,-3.294476,183,26.09,11.0,241.1,Nov-21,573440,2019-08-17 07:30:02:807,0.2938,-0.1454,10.6246,-0.0026,-0.0321,9.8066,0.0063,0.0172,0.0192,-12.52,24.52,-11.91,242.2,0.29,1.06
5734,50.93998,-3.29475,185,25.49,11.0,241.5,Nov-21,573539,2019-08-17 07:30:02:906,-0.1345,-0.1439,10.0873,0.008,0.0068,9.8066,-0.0033,-0.002,0.016,-12.28,24.53,-12.15,244.12,0.12,0.98
5735,50.93998,-3.29475,185,25.49,11.0,241.5,Nov-21,573639,2019-08-17 07:30:03:006,0.0397,0.0607,9.6734,0.002,0.0247,9.8066,0.0255,-0.0478,-0.0064,-13.15,23.83,-12.61,241.21,0.25,1.03
5736,50.93998,-3.29475,185,25.49,11.0,241.5,Nov-21,573739,2019-08-17 07:30:03:106,-0.047,-0.0505,9.3075,-0.002,0.0148,9.8066,-0.0225,-0.0425,-0.0011,-13.15,23.83,-12.61,241.21,0.25,1.03
5737,50.93998,-3.29475,185,25.49,11.0,241.5,Nov-21,573840,2019-08-17 07:30:03:207,-0.1614,-0.1695,10.1516,0.0214,0.0175,9.8066,-0.0161,0.014,0.0085,-12.69,24.36,-12.07,241.19,0.32,1.09
5738,50.93998,-3.29475,185,25.49,11.0,241.5,Nov-21,573939,2019-08-17 07:30:03:306,0.4477,-0.103,9.029,0.0344,0.0024,9.8066,0.0063,0.0235,-0.0149,-12.03,24.5,-12.46,243.07,0.43,0.92
5739,50.93998,-3.29475,185,25.49,11.0,241.5,Nov-21,574039,2019-08-17 07:30:03:406,0.1008,-0.3182,10.439,-0.007,-0.0232,9.8066,0.0063,0.0235,-0.0149,-12.75,24.0,-12.7,243.07,0.43,0.92
5740,50.93998,-3.29475,185,25.49,11.0,241.5,Nov-21,574140,2019-08-17 07:30:03:507,-0.1472,-0.3268,8.6928,-0.004,-0.0255,9.8066,0.0116,0.0097,-0.0096,-12.75,24.0,-12.7,243.07,0.43,0.92
5741,50.93998,-3.29475,185,25.49,11.0,241.5,Nov-21,574239,2019-08-17 07:30:03:606,0.0401,0.2949,9.5162,0.0074,-0.0074,9.8066,-0.0257,0.0225,-0.0117,-12.45,24.36,-12.31,243.14,0.29,0.87
5742,50.93998,-3.29475,185,25.49,11.0,241.5,Nov-21,574339,2019-08-17 07:30:03:706,-0.3073,-0.157,9.4366,0.0022,-0.0274,9.8066,-0.0161,0.014,0.0117,-12.19,24.33,-12.62,243.14,0.29,0.87
5743,50.93998,-3.29475,185,25.49,11.0,241.5,Nov-21,574440,2019-08-17 07:30:03:807,-0.0386,-0.1294,11.0576,-0.0093,-0.0468,9.8065,0.0383,-0.001,-0.049,-12.19,24.33,-12.62,243.14,0.29,0.87
5744,50.93998,-3.29475,185,25.49,11.0,241.5,Nov-21,574539,2019-08-17 07:30:03:906,0.007,-0.1897,10.703,0.0176,0.0064,9.8066,-0.0001,-0.0489,-0.0064,-12.12,24.69,-11.99,244.2,0.02,0.8
5745,50.939865,-3.295061,184,25.56,11.0,241.7,Nov-21,574639,2019-08-17 07:30:04:006,0.7172,0.0812,9.1234,0.0163,0.0297,9.8066,0.0383,-0.0702,-0.0298,-12.28,24.53,-12.15,244.18,0.1,0.72
5746,50.939865,-3.295061,184,25.56,11.0,241.7,Nov-21,574739,2019-08-17 07:30:04:106,0.076,-0.0609,9.7168,0.0025,0.0211,9.8066,0.0042,-0.0425,-0.0298,-12.28,24.53,-12.15,244.18,0.1,0.72
5747,50.939865,-3.295061,184,25.56,11.0,241.7,Nov-21,574839,2019-08-17 07:30:04:206,-0.1705,-0.1525,10.1291,0.0082,-0.0261,9.8066,-0.0299,-0.0361,-0.0171,-12.12,24.69,-11.99,244.13,0.22,0.76
5748,50.939865,-3.295061,184,25.56,11.0,241.7,Nov-21,574939,2019-08-17 07:30:04:306,0.0779,-0.1036,9.847,0.0309,-0.0385,9.8065,-0.0299,-0.0361,-0.0171,-12.28,24.53,-12.15,244.23,0.09,0.5
5749,50.939865,-3.295061,184,25.56,11.0,241.7,Nov-21,575040,2019-08-17 07:30:04:407,-0.149,0.2998,9.7875,0.01,0.0379,9.8066,0.0383,-0.0404,-0.0128,-12.28,24.53,-12.15,244.23,0.09,0.5
5750,50.939865,-3.295061,184,25.56,11.0,241.7,Nov-21,575140,2019-08-17 07:30:04:507,-0.1325,0.1433,8.824,-0.0406,-0.0227,9.8065,0.0446,-0.05,0.0021,-12.1,24.17,-13.02,243.18,0.32,0.54
5751,50.939865,-3.295061,184,25.56,11.0,241.7,Nov-21,575239,2019-08-17 07:30:04:606,-0.4856,0.0849,10.7187,-0.0224,0.0051,9.8066,-0.0065,0.1045,-0.0096,-12.59,24.17,-12.54,241.36,0.09,0.69
5752,50.939865,-3.295061,184,25.56,11.0,241.7,Nov-21,575340,2019-08-17 07:30:04:707,0.0378,0.0762,8.898,-0.0238,-0.0086,9.8066,0.0052,-0.0542,-0.0181,-12.59,24.17,-12.54,241.36,0.09,0.69
5753,50.939865,-3.295061,184,25.56,11.0,241.7,Nov-21,575439,2019-08-17 07:30:04:806,0.1785,0.0952,9.0959,0.0346,0.025,9.8066,0.0255,-0.0041,-0.0373,-12.03,24.5,-12.46,243.28,-0.02,0.79
5754,50.93976,-3.295367,185,25.34,11.0,242.2,Nov-21,575540,2019-08-17 07:30:04:907,0.0425,-0.1971,9.3934,0.0155,0.0135,9.8066,-0.0139,0.0204,0.0021,-11.8,24.49,-12.68,243.2,0.2,0.68
5755,50.93976,-3.295367,185,25.34,11.0,242.2,Nov-21,575639,2019-08-17 07:30:05:006,0.1009,0.1554,9.6552,0.0321,0.0172,9.8066,-0.0139,0.0204,0.0021,-11.8,24.49,-12.68,243.15,0.38,0.55
5756,50.93976,-3.295367,185,25.34,11.0,242.2,Nov-21,575739,2019-08-17 07:30:05:106,0.1648,0.1869,9.8716,0.0185,-0.0179,9.8066,0.0159,-0.0414,-0.0171,-11.8,24.49,-12.68,243.15,0.38,0.55
5757,50.93976,-3.295367,185,25.34,11.0,242.2,Nov-21,575839,2019-08-17 07:30:05:206,-0.0213,-0.156,9.8136,0.0188,-0.0274,9.8066,-0.0203,-0.0308,0.0287,-11.28,24.78,-12.6,246.02,0.33,0.41
5758,50.93976,-3.295367,185,25.34,11.0,242.2,Nov-21,575940,2019-08-17 07:30:05:307,0.1761,-0.341,10.4858,0.0104,-0.0219,9.8066,0.05,-0.0159,-0.0288,-11.71,24.84,-12.06,246.02,0.33,0.41
5759,50.93976,-3.295367,185,25.34,11.0,242.2,Nov-21,576039,2019-08-17 07:30:05:406,-0.0979,0.0368,10.4064,-0.0011,-0.004,9.8067,0.0084,-0.0468,0.0042,-11.21,25.12,-11.96,246.05,0.31,0.41
5760,50.93976,-3.295367,185,25.34,11.0,242.2,Nov-21,576140,2019-08-17 07:30:05:507,0.0946,-0.1425,8.8777,-0.0085,-0.0048,9.8066,-0.0161,0.0267,-0.0096,-11.21,25.12,-11.96,246.01,0.37,0.51
5761,50.93976,-3.295367,185,25.34,11.0,242.2,Nov-21,576239,2019-08-17 07:30:05:606,-0.0475,0.0458,9.8008,-0.0093,-0.0228,9.8066,-0.0076,-0.002,0.0245,-11.21,25.12,-11.96,246.01,0.37,0.51
5762,50.93976,-3.295367,185,25.34,11.0,242.2,Nov-21,576340,2019-08-17 07:30:05:707,-0.1497,0.0317,11.0659,0.0076,0.001,9.8066,-0.0001,0.0086,-0.0096,-11.48,24.83,-12.3,246.07,0.22,0.51
5763,50.93976,-3.295367,185,25.34,11.0,242.2,Nov-21,576440,2019-08-17 07:30:05:807,-0.4242,0.272,9.8777,0.0009,0.0186,9.8066,0.0031,-0.0105,-0.0096,-11.45,25.16,-11.64,246.07,0.22,0.51
5764,50.93976,-3.295367,185,25.34,11.0,242.2,Nov-21,576540,2019-08-17 07:30:05:907,-0.2999,0.1252,8.6207,0.0013,0.0175,9.8066,0.0031,-0.0105,-0.0096,-11.56,24.99,-11.9,244.13,0.32,0.54
5765,50.93967,-3.295633,185,24.6,12.0,242.9,Nov-21,576640,2019-08-17 07:30:06:007,-0.0882,-0.1334,9.6099,0.002,-0.0014,9.8067,-0.0576,0.1066,0.0341,-11.56,24.99,-11.9,244.13,0.32,0.54
5766,50.93967,-3.295633,185,24.6,12.0,242.9,Nov-21,576740,2019-08-17 07:30:06:107,0.0173,-0.214,11.5268,0.0246,0.0008,9.8066,-0.031,0.0129,-0.0107,-10.8,25.27,-12.04,246.03,0.32,0.53
5767,50.93967,-3.295633,185,24.6,12.0,242.9,Nov-21,576839,2019-08-17 07:30:06:206,0.1066,-0.1438,9.9022,0.0199,0.0253,9.8066,0.0106,-0.0287,0.0106,-11.37,24.97,-12.13,245.96,0.5,0.48
5768,50.93967,-3.295633,185,24.6,12.0,242.9,Nov-21,576939,2019-08-17 07:30:06:306,-0.2973,-0.0121,10.4764,-0.0169,-0.0172,9.8066,-0.0161,0.0246,0.0224,-11.37,24.97,-12.13,245.96,0.5,0.48
5769,50.93967,-3.295633,185,24.6,12.0,242.9,Nov-21,577039,2019-08-17 07:30:06:406,0.16,-0.009,9.1233,0.0093,0.0065,9.8066,0.0063,-0.035,-0.0192,-11.43,25.12,-11.77,246.01,0.37,0.53
5770,50.93967,-3.295633,185,24.6,12.0,242.9,Nov-21,577139,2019-08-17 07:30:06:506,0.352,0.1743,9.4868,-0.0049,0.0166,9.8066,0.0063,-0.035,-0.0192,-11.29,24.81,-12.53,245.99,0.42,0.39
5771,50.93967,-3.295633,185,24.6,12.0,242.9,Nov-21,577240,2019-08-17 07:30:06:607,0.004,-0.0564,10.2327,-0.0117,0.0122,9.8066,-0.0001,-0.0404,0.0213,-11.47,24.81,-12.37,245.96,0.5,0.46
5772,50.93967,-3.295633,185,24.6,12.0,242.9,Nov-21,577340,2019-08-17 07:30:06:707,-0.2887,-0.0865,10.823,-0.0317,0.0137,9.8066,0.0446,0.0534,-0.016,-11.37,24.97,-12.13,245.96,0.5,0.46
5773,50.93967,-3.295633,185,24.6,12.0,242.9,Nov-21,577440,2019-08-17 07:30:06:807,-0.2781,-0.0751,11.2919,-0.0287,0.0128,9.8066,-0.0107,0.0097,0.0138,-11.37,24.97,-12.13,245.96,0.5,0.46
5774,50.93967,-3.295633,185,24.6,12.0,242.9,Nov-21,577542,2019-08-17 07:30:06:909,0.0387,0.0076,7.8892,0.03,-0.0135,9.8066,-0.0395,-0.0148,-0.016,-11.64,25.18,-11.43,244.06,0.5,0.64
5775,50.93956,-3.295951,185,24.89,12.0,243.4,Nov-21,577639,2019-08-17 07:30:07:006,0.0649,-0.0212,9.0959,0.0655,-0.0209,9.8064,0.0074,-0.0318,0.0074,-11.09,25.24,-11.83,245.98,0.56,0.24
5776,50.93956,-3.295951,185,24.89,12.0,243.4,Nov-21,577739,2019-08-17 07:30:07:106,-0.0531,0.0937,11.0991,0.0082,-0.0007,9.8066,0.0244,0.0235,-0.016,-11.09,25.24,-11.83,245.98,0.56,0.24
5777,50.93956,-3.295951,185,24.89,12.0,243.4,Nov-21,577839,2019-08-17 07:30:07:206,0.013,-0.0582,10.9782,0.006,0.0016,9.8066,0.0244,0.0235,-0.016,-11.01,24.77,-12.85,245.96,0.57,0.2
5778,50.93956,-3.295951,185,24.89,12.0,243.4,Nov-21,577939,2019-08-17 07:30:07:306,0.0232,0.2005,8.34,-0.0032,0.0028,9.8067,0.0191,-0.0627,-0.0171,-11.45,25.16,-11.64,245.98,0.58,0.22
5779,50.93956,-3.295951,185,24.89,12.0,243.4,Nov-21,578040,2019-08-17 07:30:07:407,-0.3735,0.0923,9.6136,-0.0167,-0.0084,9.8066,0.0446,0.0289,-0.033,-10.94,25.13,-12.2,245.98,0.58,0.22
5780,50.93956,-3.295951,185,24.89,12.0,243.4,Nov-21,578140,2019-08-17 07:30:07:507,-0.5791,-0.163,10.8992,-0.0246,-0.0054,9.8066,0.001,0.0001,0.0,-11.87,24.18,-13.21,243.13,0.5,0.38
5781,50.93956,-3.295951,185,24.89,12.0,243.4,Nov-21,578240,2019-08-17 07:30:07:607,-0.1742,0.2272,10.0863,-0.0542,0.0137,9.8065,0.0425,0.0097,-0.0064,-11.46,24.32,-13.32,245.03,0.43,0.7
5782,50.93956,-3.295951,185,24.89,12.0,243.4,Nov-21,578340,2019-08-17 07:30:07:707,-0.0222,0.3728,7.7647,-0.0016,0.0189,9.8066,-0.0022,-0.0713,-0.0203,-11.61,25.02,-11.81,245.03,0.43,0.7
5783,50.93956,-3.295951,185,24.89,12.0,243.4,Nov-21,578439,2019-08-17 07:30:07:806,-0.2495,-0.3969,10.4755,0.017,0.0236,9.8066,-0.0107,0.0129,-0.0043,-11.61,25.02,-11.81,245.03,0.43,0.7
5784,50.93948,-3.296223,185,24.08,12.0,244.0,Nov-21,578540,2019-08-17 07:30:07:907,0.3732,0.0555,11.0928,0.0116,0.009,9.8066,0.0169,-0.0105,-0.0011,-11.54,25.35,-11.15,244.02,0.6,0.67
5785,50.93948,-3.296223,185,24.08,12.0,244.0,Nov-21,578640,2019-08-17 07:30:08:007,0.3624,-0.0555,9.3895,0.0259,-0.0042,9.8066,0.0169,-0.0105,-0.0011,-11.54,25.35,-11.15,244.02,0.6,0.67
5786,50.93948,-3.296223,185,24.08,12.0,244.0,Nov-21,578739,2019-08-17 07:30:08:106,0.0254,-0.2476,9.7786,0.0078,-0.0043,9.8066,-0.0129,-0.002,0.0106,-11.18,25.17,-11.88,245.9,0.64,0.52
5787,50.93948,-3.296223,185,24.08,12.0,244.0,Nov-21,578839,2019-08-17 07:30:08:206,-0.2081,0.0908,10.3672,-0.0154,-0.0276,9.8066,0.001,0.0544,0.0117,-11.87,25.19,-11.16,245.9,0.64,0.52
5788,50.93948,-3.296223,185,24.08,12.0,244.0,Nov-21,578940,2019-08-17 07:30:08:307,-0.8558,-0.0548,10.6426,-0.0145,-0.035,9.8066,0.0116,0.0544,0.0117,-12.38,25.12,-10.75,244.12,0.42,0.52
5789,50.93948,-3.296223,185,24.08,12.0,244.0,Nov-21,579039,2019-08-17 07:30:08:406,-0.1737,0.3193,8.7181,-0.0203,0.0403,9.8065,-0.015,0.0044,0.0192,-12.38,25.12,-10.75,244.12,0.42,0.52
5790,50.93948,-3.296223,185,24.08,12.0,244.0,Nov-21,579140,2019-08-17 07:30:08:507,-0.0961,-0.0227,9.0103,-0.0008,0.0099,9.8066,0.018,0.0278,-0.0171,-12.22,24.77,-11.71,243.99,0.58,0.73
5791,50.93948,-3.296223,185,24.08,12.0,244.0,Nov-21,579240,2019-08-17 07:30:08:607,-0.3122,-0.1429,10.1233,-0.0174,0.0227,9.8066,-0.0118,0.0289,0.0085,-12.35,25.47,-9.95,244.03,0.63,0.76
5792,50.93948,-3.296223,185,24.08,12.0,244.0,Nov-21,579339,2019-08-17 07:30:08:706,0.4497,0.2585,8.2964,0.0125,-0.0115,9.8066,0.0031,-0.001,-0.0362,-10.72,25.53,-11.54,246.63,0.7,0.91
5793,50.93948,-3.296223,185,24.08,12.0,244.0,Nov-21,579440,2019-08-17 07:30:08:807,0.3079,0.2402,9.7752,0.0214,-0.0167,9.8066,0.0031,-0.001,-0.0362,-10.72,25.53,-11.54,246.63,0.7,0.91
5794,50.939384,-3.296576,185,24.76,13.0,245.7,Nov-21,579541,2019-08-17 07:30:08:908,0.0892,-0.1078,9.8555,0.0044,-0.0064,9.8066,0.0116,0.0033,-0.0256,-7.9,25.26,-14.13,251.79,0.66,0.75
5795,50.939384,-3.296576,185,24.76,13.0,245.7,Nov-21,579640,2019-08-17 07:30:09:007,-0.2974,-0.0937,11.3514,0.0021,-0.0145,9.8066,-0.0086,-0.0766,0.0245,-5.51,25.14,-15.42,251.79,0.66,0.75
5796,50.939384,-3.296576,185,24.76,13.0,245.7,Nov-21,579739,2019-08-17 07:30:09:106,0.1906,0.2588,9.095,-0.0058,0.0047,9.8066,-0.0512,-0.0329,-0.0011,-4.63,25.66,-14.84,258.7,0.59,0.72
5797,50.939384,-3.296576,185,24.76,13.0,245.7,Nov-21,579840,2019-08-17 07:30:09:207,0.2401,0.0334,10.5386,0.0039,0.0078,9.8066,-0.0363,0.0704,-0.0117,-6.46,26.61,-12.25,257.13,0.64,0.7
5798,50.939384,-3.296576,185,24.76,13.0,245.7,Nov-21,579940,2019-08-17 07:30:09:307,0.475,0.0112,8.5633,0.0041,-0.009,9.8066,-0.0118,-0.0233,0.0106,-8.86,26.63,-10.61,251.24,0.66,0.64
5799,50.939384,-3.296576,185,24.76,13.0,245.7,Nov-21,580039,2019-08-17 07:30:09:406,-0.379,0.1209,8.889,-0.0236,-0.0191,9.8066,0.0255,0.0108,0.0074,-8.86,26.63,-10.61,251.24,0.66,0.64
5800,50.939384,-3.296576,185,24.76,13.0,245.7,Nov-21,580139,2019-08-17 07:30:09:506,-0.3397,-0.0895,9.6774,0.0018,0.0072,9.8066,0.002,-0.0041,-0.0107,-10.19,25.99,-10.99,248.66,0.51,0.73
5801,50.939384,-3.296576,185,24.76,13.0,245.7,Nov-21,580239,2019-08-17 07:30:09:606,-0.3516,0.1468,10.2271,0.0101,0.0466,9.8065,0.002,-0.0041,-0.0107,-10.75,25.26,-12.1,245.79,0.79,0.78
5802,50.939384,-3.296576,185,24.76,13.0,245.7,Nov-21,580340,2019-08-17 07:30:09:707,-0.3019,-0.0492,10.219,-0.0096,0.0051,9.8066,0.0084,0.0022,-0.0043,-10.75,25.26,-12.1,245.79,0.79,0.78
5803,50.939384,-3.296576,185,24.76,13.0,245.7,Nov-21,580440,2019-08-17 07:30:09:807,-0.4112,-0.0091,10.3414,-0.0215,-0.0057,9.8066,0.0393,0.0683,-0.0298,-10.75,25.26,-12.1,245.77,0.79,0.84
5804,50.939384,-3.296576,185,24.76,13.0,245.7,Nov-21,580539,2019-08-17 07:30:09:906,-0.4354,0.065,11.309,-0.0342,-0.0125,9.8066,-0.0267,0.0672,-0.0107,-11.21,24.79,-12.64,245.77,0.64,0.99
5805,50.939297,-3.296895,186,25.19,12.0,245.7,Nov-21,580639,2019-08-17 07:30:10:006,-0.4158,-0.0992,10.0654,0.0133,-0.0107,9.8066,0.002,0.031,0.0202,-11.21,24.79,-12.64,245.77,0.64,0.99
5806,50.939297,-3.296895,186,25.19,12.0,245.7,Nov-21,580739,2019-08-17 07:30:10:106,-0.0571,-0.0551,10.0709,0.0219,-0.0172,9.8066,0.0361,0.0118,-0.0064,-10.86,24.58,-13.33,245.77,0.64,0.99
5807,50.939297,-3.296895,186,25.19,12.0,245.7,Nov-21,580840,2019-08-17 07:30:10:207,0.1745,0.0748,9.7907,-0.0064,0.0225,9.8066,0.0095,-0.0638,0.0256,-10.46,25.24,-12.39,247.79,0.6,0.89
5808,50.939297,-3.296895,186,25.19,12.0,245.7,Nov-21,580939,2019-08-17 07:30:10:306,-0.1381,0.3177,8.4919,-0.0155,0.0464,9.8065,-0.0097,-0.0201,0.0266,-10.46,25.24,-12.39,247.79,0.6,0.89
5809,50.939297,-3.296895,186,25.19,12.0,245.7,Nov-21,581040,2019-08-17 07:30:10:407,0.1204,0.0191,8.9363,0.0013,0.0182,9.8066,-0.0097,-0.0201,0.0266,-10.31,24.87,-13.23,247.62,0.82,1.07
5810,50.939297,-3.296895,186,25.19,12.0,245.7,Nov-21,581140,2019-08-17 07:30:10:507,-0.3534,-0.2329,12.1072,0.0037,0.0257,9.8066,-0.0235,-0.0073,0.0181,-9.97,25.2,-12.86,247.62,0.82,1.07
5811,50.939297,-3.296895,186,25.19,12.0,245.7,Nov-21,581239,2019-08-17 07:30:10:606,0.4517,0.1699,8.9397,-0.0087,-0.0206,9.8066,-0.0171,-0.0308,-0.0213,-10.02,24.86,-13.48,247.55,0.97,1.11
5812,50.939297,-3.296895,186,25.19,12.0,245.7,Nov-21,581340,2019-08-17 07:30:10:707,0.0981,-0.0179,9.5328,0.0085,-0.0264,9.8066,0.0106,-0.0436,-0.0181,-9.83,25.31,-12.75,247.62,0.84,1.0
5813,50.939297,-3.296895,186,25.19,12.0,245.7,Nov-21,581439,2019-08-17 07:30:10:806,0.0154,-0.1296,9.8625,0.0215,-0.004,9.8066,-0.0097,0.0033,0.0096,-10.85,24.55,-13.4,245.69,0.87,0.88
5814,50.9392,-3.297198,186,25.08,12.0,245.3,Nov-21,581540,2019-08-17 07:30:10:907,-0.208,0.0059,10.4411,0.0023,-0.0291,9.8066,0.001,0.0235,0.0053,-10.85,24.55,-13.4,245.69,0.87,0.88
5815,50.9392,-3.297198,186,25.08,12.0,245.3,Nov-21,581640,2019-08-17 07:30:11:007,-0.3888,-0.1609,9.8064,0.0072,-0.0062,9.8066,0.0233,-0.0041,-0.0373,-9.81,24.8,-13.74,247.69,0.72,0.8
5816,50.9392,-3.297198,186,25.08,12.0,245.3,Nov-21,581740,2019-08-17 07:30:11:107,-0.2269,0.3697,9.4381,-0.0024,0.0016,9.8067,-0.0225,0.0033,0.0309,-9.32,24.74,-14.18,249.69,0.72,0.81
5817,50.9392,-3.297198,186,25.08,12.0,245.3,Nov-21,581839,2019-08-17 07:30:11:206,-0.0762,0.1103,9.7263,0.0043,0.0369,9.8066,-0.0225,0.0033,0.0309,-9.32,24.74,-14.18,249.69,0.72,0.81
5818,50.9392,-3.297198,186,25.08,12.0,245.3,Nov-21,581940,2019-08-17 07:30:11:307,-0.0865,-0.1935,9.2293,-0.0286,-0.017,9.8066,0.0244,0.0108,0.0,-9.89,25.0,-13.3,247.53,1.07,0.94
5819,50.9392,-3.297198,186,25.08,12.0,245.3,Nov-21,582039,2019-08-17 07:30:11:406,0.0962,0.297,10.3637,-0.0265,-0.0243,9.8066,-0.0416,0.0651,-0.0043,-9.85,24.43,-14.35,247.53,1.07,0.94
5820,50.9392,-3.297198,186,25.08,12.0,245.3,Nov-21,582140,2019-08-17 07:30:11:507,0.3596,-0.024,10.9432,0.024,-0.0019,9.8066,-0.0278,-0.0468,0.0106,-9.97,25.2,-12.86,247.6,0.88,1.03
5821,50.9392,-3.297198,186,25.08,12.0,245.3,Nov-21,582239,2019-08-17 07:30:11:606,0.0652,-0.3425,10.3463,0.0346,-0.0186,9.8066,-0.0001,0.0033,-0.0245,-9.59,24.99,-13.55,247.62,0.86,0.8
5822,50.9392,-3.297198,186,25.08,12.0,245.3,Nov-21,582339,2019-08-17 07:30:11:706,0.3666,-0.2374,10.3485,0.0045,-0.0107,9.8066,-0.0278,-0.0478,0.0011,-10.11,25.06,-13.03,247.62,0.86,0.8
5823,50.9392,-3.297198,186,25.08,12.0,245.3,Nov-21,582439,2019-08-17 07:30:11:806,-0.1649,0.1511,9.8715,0.0189,-0.0118,9.8066,0.0191,-0.0212,0.0,-10.11,25.06,-13.03,247.62,0.86,0.8
5824,50.939114,-3.297545,184,25.22,12.0,245.6,Nov-21,582539,2019-08-17 07:30:11:906,-0.2042,0.0125,10.5449,0.0261,0.0148,9.8066,0.017,0.0044,0.016,-9.59,24.99,-13.55,247.57,0.99,0.69
5825,50.939114,-3.297545,184,25.22,12.0,245.6,Nov-21,582639,2019-08-17 07:30:12:006,-0.2146,-0.0397,10.3411,0.0043,0.027,9.8066,0.017,0.0044,0.016,-9.59,24.99,-13.55,247.49,1.15,0.73
5826,50.939114,-3.297545,184,25.22,12.0,245.6,Nov-21,582740,2019-08-17 07:30:12:107,-0.5399,-0.0363,10.8988,-0.0211,-0.0096,9.8066,0.001,0.0012,0.0192,-9.83,25.31,-12.75,247.54,1.11,0.85
5827,50.939114,-3.297545,184,25.22,12.0,245.6,Nov-21,582839,2019-08-17 07:30:12:206,-0.2892,0.124,10.22,-0.0278,-0.003,9.8066,0.0223,0.0853,-0.0075,-9.83,25.31,-12.75,247.54,1.11,0.85
5828,50.939114,-3.297545,184,25.22,12.0,245.6,Nov-21,582939,2019-08-17 07:30:12:306,0.6946,-0.033,7.1377,0.0321,-0.0102,9.8066,0.0265,-0.0425,-0.0448,-9.54,25.34,-12.92,247.54,1.03,0.99
5829,50.939114,-3.297545,184,25.22,12.0,245.6,Nov-21,583040,2019-08-17 07:30:12:407,-0.5705,0.2107,10.4594,0.0059,-0.0141,9.8066,-0.0203,-0.0809,-0.033,-9.47,25.13,-13.37,249.57,1.05,0.79
5830,50.939114,-3.297545,184,25.22,12.0,245.6,Nov-21,583139,2019-08-17 07:30:12:506,-0.3095,0.2021,10.3033,0.0308,-0.0113,9.8066,0.0319,-0.0425,-0.016,-9.47,25.13,-13.37,249.57,1.05,0.79
5831,50.939114,-3.297545,184,25.22,12.0,245.6,Nov-21,583239,2019-08-17 07:30:12:606,-0.2491,0.0704,10.1567,0.0114,0.0142,9.8066,-0.0022,-0.0095,0.0298,-8.99,25.59,-12.81,250.34,1.05,0.6
5832,50.939114,-3.297545,184,25.22,12.0,245.6,Nov-21,583340,2019-08-17 07:30:12:707,-0.0153,-0.1064,10.2477,-0.0031,0.0312,9.8066,-0.0022,-0.0095,0.0298,-9.11,25.46,-12.99,249.52,1.21,0.68
5833,50.939114,-3.297545,184,25.22,12.0,245.6,Nov-21,583440,2019-08-17 07:30:12:807,-0.0462,-0.1166,10.4277,-0.0042,-0.0143,9.8066,0.0425,0.0406,-0.0458,-8.97,25.07,-13.82,249.52,1.21,0.68
5834,50.93902,-3.297891,186,25.36,13.0,246.0,Nov-21,583539,2019-08-17 07:30:12:906,0.4114,0.2919,9.1896,-0.0086,-0.0214,9.8066,0.0052,-0.0478,0.0032,-8.97,25.07,-13.82,249.52,1.21,0.68
5835,50.93902,-3.297891,186,25.36,13.0,246.0,Nov-21,583639,2019-08-17 07:30:13:006,0.136,0.1828,9.2968,-0.0125,0.0001,9.8066,0.0052,-0.0638,-0.0181,-8.84,25.18,-13.7,249.47,1.19,0.75
5836,50.93902,-3.297891,186,25.36,13.0,246.0,Nov-21,583739,2019-08-17 07:30:13:106,-0.1653,-0.3254,10.1541,0.0162,-0.0102,9.8066,0.002,-0.0457,-0.0053,-9.42,25.47,-12.75,249.51,1.21,0.74
5837,50.93902,-3.297891,186,25.36,13.0,246.0,Nov-21,583839,2019-08-17 07:30:13:206,0.3725,0.1473,9.7995,0.018,-0.0198,9.8066,-0.0118,-0.0169,0.0224,-9.42,25.47,-12.75,249.51,1.21,0.74
5838,50.93902,-3.297891,186,25.36,13.0,246.0,Nov-21,583939,2019-08-17 07:30:13:306,-0.2753,0.0794,9.794,0.0065,-0.0046,9.8066,0.0319,-0.0031,-0.0213,-9.42,25.47,-12.75,249.51,1.21,0.74
5839,50.93902,-3.297891,186,25.36,13.0,246.0,Nov-21,584040,2019-08-17 07:30:13:407,-0.0846,0.0782,8.2687,-0.0023,0.0001,9.8066,0.0127,-0.0212,-0.0256,-9.47,25.13,-13.37,249.52,1.2,0.69
5840,50.93902,-3.297891,186,25.36,13.0,246.0,Nov-21,584139,2019-08-17 07:30:13:506,-0.4835,-0.0951,10.8626,-0.0026,-0.0082,9.8066,0.0127,-0.0212,-0.0256,-9.48,25.16,-13.31,249.55,1.15,0.69
5841,50.93902,-3.297891,186,25.36,13.0,246.0,Nov-21,584239,2019-08-17 07:30:13:606,-0.0676,0.1708,10.6971,0.0179,0.0163,9.8066,-0.0054,-0.1064,-0.0266,-9.48,25.16,-13.31,249.55,1.15,0.69
5842,50.93902,-3.297891,186,25.36,13.0,246.0,Nov-21,584342,2019-08-17 07:30:13:709,0.0739,0.1731,9.0669,0.0244,0.0126,9.8066,0.0297,-0.0691,-0.0149,-8.85,25.21,-13.64,249.45,1.28,0.62
5843,50.93902,-3.297891,186,25.36,13.0,246.0,Nov-21,584440,2019-08-17 07:30:13:807,-0.401,-0.3476,11.0765,0.0118,0.0127,9.8066,-0.0012,0.0992,0.0319,-8.74,25.35,-13.46,249.46,1.37,0.59
5844,50.938923,-3.298225,186,25.41,13.0,246.3,Nov-21,584540,2019-08-17 07:30:13:907,0.0814,0.2123,10.3793,-0.0051,-0.0213,9.8066,-0.0289,0.0683,-0.0224,-8.74,25.35,-13.46,249.46,1.37,0.59
5845,50.938923,-3.298225,186,25.41,13.0,246.3,Nov-21,584639,2019-08-17 07:30:14:006,-0.0401,-0.037,10.4293,0.015,0.0033,9.8066,-0.0065,0.0864,-0.0085,-8.74,25.35,-13.46,249.56,1.2,0.49
5846,50.938923,-3.298225,186,25.41,13.0,246.3,Nov-21,584739,2019-08-17 07:30:14:106,0.2861,-0.2044,8.3442,0.0108,0.009,9.8066,0.001,-0.0052,-0.0256,-9.28,25.09,-13.57,249.49,1.27,0.45
5847,50.938923,-3.298225,186,25.41,13.0,246.3,Nov-21,584839,2019-08-17 07:30:14:206,0.2518,-0.2173,10.2108,0.0019,-0.0102,9.8066,0.001,-0.0052,-0.0256,-9.28,25.09,-13.57,249.49,1.27,0.45
5848,50.938923,-3.298225,186,25.41,13.0,246.3,Nov-21,584939,2019-08-17 07:30:14:306,-0.0706,0.1213,9.6186,0.0211,0.0228,9.8066,0.0084,-0.0457,0.0011,-8.99,25.59,-12.81,249.49,1.27,0.45
5849,50.938923,-3.298225,186,25.41,13.0,246.3,Nov-21,585039,2019-08-17 07:30:14:406,-0.1389,0.0809,10.1687,0.0236,0.01,9.8066,-0.0321,-0.0169,0.017,-8.42,25.33,-13.7,251.46,1.44,0.38
5850,50.938923,-3.298225,186,25.41,13.0,246.3,Nov-21,585142,2019-08-17 07:30:14:509,-0.0932,0.1607,8.792,0.0278,-0.0006,9.8066,0.0159,0.0012,-0.0117,-8.46,24.97,-14.31,251.47,1.48,0.23
5851,50.938923,-3.298225,186,25.41,13.0,246.3,Nov-21,585239,2019-08-17 07:30:14:606,-0.5318,-0.1239,10.7573,-0.0008,-0.0184,9.8066,0.0255,-0.0382,-0.0426,-8.46,24.97,-14.31,251.47,1.48,0.23
5852,50.938923,-3.298225,186,25.41,13.0,246.3,Nov-21,585340,2019-08-17 07:30:14:707,-0.138,0.3081,9.9665,-0.0017,0.0203,9.8066,-0.0097,0.0278,0.0106,-8.42,25.33,-13.7,251.52,1.38,0.2
5853,50.938923,-3.298225,186,25.41,13.0,246.3,Nov-21,585440,2019-08-17 07:30:14:807,0.0038,-0.0073,9.1129,0.0084,0.0274,9.8066,0.0052,-0.0095,-0.0075,-8.43,24.4,-15.28,250.66,1.55,0.2
5854,50.938828,-3.298583,186,25.64,13.0,247.0,Nov-21,585541,2019-08-17 07:30:14:908,-0.2419,-0.0909,10.6519,0.0024,-0.0201,9.8066,0.0052,-0.0095,-0.0075,-8.57,24.82,-14.5,249.38,1.48,0.19
5855,50.938828,-3.298583,186,25.64,13.0,247.0,Nov-21,585640,2019-08-17 07:30:15:007,0.0329,-0.2433,10.1128,-0.0055,-0.0083,9.8066,-0.0012,-0.0244,-0.0192,-8.57,24.82,-14.5,249.38,1.48,0.19
5856,50.938828,-3.298583,186,25.64,13.0,247.0,Nov-21,585739,2019-08-17 07:30:15:106,-0.3886,-0.103,9.9821,-0.0208,0.0035,9.8066,0.0244,-0.0691,-0.0245,-8.73,25.32,-13.52,249.46,1.42,0.2
5857,50.938828,-3.298583,186,25.64,13.0,247.0,Nov-21,585840,2019-08-17 07:30:15:207,-0.4019,-0.3139,9.5833,-0.0389,0.0012,9.8066,0.018,-0.0052,0.0149,-8.68,25.17,-13.82,249.46,1.42,0.2
5858,50.938828,-3.298583,186,25.64,13.0,247.0,Nov-21,585940,2019-08-17 07:30:15:307,0.1058,0.3668,8.5756,-0.0658,-0.0076,9.8064,-0.0182,-0.0361,0.0245,-8.2,25.59,-13.34,252.24,1.24,0.55
5859,50.938828,-3.298583,186,25.64,13.0,247.0,Nov-21,586040,2019-08-17 07:30:15:407,-0.3262,0.1329,10.0715,-0.0106,0.0115,9.8066,0.0042,-0.0649,0.0053,-7.84,25.89,-12.96,252.24,1.24,0.55
5860,50.938828,-3.298583,186,25.64,13.0,247.0,Nov-21,586140,2019-08-17 07:30:15:507,-0.0107,-0.1752,9.1916,0.0048,0.0469,9.8065,-0.0171,-0.0255,-0.0085,-7.84,25.89,-12.96,252.24,1.24,0.55
5861,50.938828,-3.298583,186,25.64,13.0,247.0,Nov-21,586240,2019-08-17 07:30:15:607,-0.3445,-0.0137,10.8109,0.0219,0.0341,9.8066,-0.0171,-0.0255,-0.0085,-8.05,25.65,-13.32,252.15,1.47,0.49
5862,50.938828,-3.298583,186,25.64,13.0,247.0,Nov-21,586339,2019-08-17 07:30:15:706,-0.6427,-0.2511,10.5543,0.0061,-0.0067,9.8066,0.0564,0.0204,0.0,-7.93,25.25,-14.13,251.44,1.45,0.44
5863,50.938828,-3.298583,186,25.64,13.0,247.0,Nov-21,586439,2019-08-17 07:30:15:806,-0.033,0.2449,9.1142,-0.0341,0.0071,9.8066,-0.0161,0.0342,-0.0128,-7.72,25.39,-13.99,251.44,1.45,0.44
5864,50.938828,-3.298583,186,25.64,13.0,247.0,Nov-21,586539,2019-08-17 07:30:15:906,0.051,-0.0063,9.6241,-0.0355,0.0005,9.8066,-0.0193,-0.0521,0.0096,-7.72,25.39,-13.99,251.44,1.45,0.44
5865,50.938744,-3.298937,188,25.77,13.0,247.6,Nov-21,586640,2019-08-17 07:30:16:007,-0.3868,-0.2435,10.4094,-0.0032,-0.0138,9.8066,0.0138,0.0246,-0.0085,-7.62,25.52,-13.8,252.11,1.38,0.64
5866,50.938744,-3.298937,188,25.77,13.0,247.6,Nov-21,586740,2019-08-17 07:30:16:107,-0.2425,0.2288,9.2228,-0.0153,0.005,9.8066,-0.0267,-0.0691,0.0224,-8.13,24.93,-14.57,252.11,1.38,0.64
5867,50.938744,-3.298937,188,25.77,13.0,247.6,Nov-21,586840,2019-08-17 07:30:16:207,-0.3877,-0.4403,11.1654,-0.0272,-0.0016,9.8066,-0.0267,-0.0691,0.0224,-8.1,25.33,-13.88,251.44,1.32,0.79
5868,50.938744,-3.298937,188,25.77,13.0,247.6,Nov-21,586939,2019-08-17 07:30:16:306,0.118,0.2236,9.1925,-0.001,0.0236,9.8066,-0.0139,0.0704,0.016,-8.1,25.33,-13.88,251.44,1.32,0.79
5869,50.938744,-3.298937,188,25.77,13.0,247.6,Nov-21,587039,2019-08-17 07:30:16:406,0.3947,0.1878,9.6079,0.0089,0.0129,9.8066,-0.0331,0.0225,-0.0149,-8.09,25.3,-13.94,251.4,1.41,0.76
5870,50.938744,-3.298937,188,25.77,13.0,247.6,Nov-21,587140,2019-08-17 07:30:16:507,0.5399,-0.1682,9.4893,0.0327,-0.0024,9.8066,0.002,-0.0532,-0.0032,-8.1,25.33,-13.88,251.41,1.46,0.58
5871,50.938744,-3.298937,188,25.77,13.0,247.6,Nov-21,587239,2019-08-17 07:30:16:606,0.1648,-0.3407,11.071,0.0159,0.0118,9.8066,0.0159,-0.001,0.0096,-8.1,25.33,-13.88,251.41,1.46,0.58
5872,50.938744,-3.298937,188,25.77,13.0,247.6,Nov-21,587339,2019-08-17 07:30:16:706,0.3666,0.0186,9.5439,-0.0488,-0.028,9.8065,0.0116,0.0225,0.0074,-8.0,25.47,-13.69,251.38,1.56,0.51
5873,50.938744,-3.298937,188,25.77,13.0,247.6,Nov-21,587439,2019-08-17 07:30:16:806,-0.3013,-0.0499,9.7581,-0.0757,-0.0491,9.8062,0.0223,-0.0084,-0.0043,-8.55,25.22,-13.82,251.38,1.56,0.51
5874,50.938656,-3.299295,188,25.55,12.0,248.2,Nov-21,587540,2019-08-17 07:30:16:907,-0.352,-0.1559,10.9364,-0.003,0.0262,9.8066,0.0223,-0.0084,-0.0043,-8.0,25.47,-13.69,251.52,1.14,0.84
5875,50.938656,-3.299295,188,25.55,12.0,248.2,Nov-21,587639,2019-08-17 07:30:17:006,0.2009,0.2189,9.3903,-0.0029,0.0581,9.8065,-0.0033,0.0012,-0.0203,-8.0,25.47,-13.69,251.52,1.14,0.84
5876,50.938656,-3.299295,188,25.55,12.0,248.2,Nov-21,587740,2019-08-17 07:30:17:107,0.1595,0.0448,8.1339,-0.005,0.0139,9.8066,0.0223,-0.0308,-0.0075,-7.87,25.06,-14.49,251.33,1.46,0.96
5877,50.938656,-3.299295,188,25.55,12.0,248.2,Nov-21,587840,2019-08-17 07:30:17:207,0.1888,0.0188,10.0641,0.0094,0.0064,9.8066,-0.0097,-0.0564,-0.0085,-7.63,25.55,-13.74,251.97,1.53,1.02
5878,50.938656,-3.299295,188,25.55,12.0,248.2,Nov-21,587939,2019-08-17 07:30:17:306,0.0199,-0.0542,10.3377,0.005,0.0236,9.8066,0.0031,-0.001,0.0149,-6.79,25.08,-15.0,253.24,1.67,1.03
5879,50.938656,-3.299295,188,25.55,12.0,248.2,Nov-21,588040,2019-08-17 07:30:17:407,-0.2762,-0.2159,11.033,-0.012,-0.01,9.8066,-0.0044,0.0385,0.0277,-7.51,25.15,-14.53,253.24,1.67,1.03
5880,50.938656,-3.299295,188,25.55,12.0,248.2,Nov-21,588139,2019-08-17 07:30:17:506,0.3522,0.0318,9.4304,-0.0247,-0.039,9.8065,-0.0086,0.031,0.0032,-7.51,25.15,-14.53,253.24,1.67,1.03
5881,50.938656,-3.299295,188,25.55,12.0,248.2,Nov-21,588240,2019-08-17 07:30:17:607,0.4812,0.1025,8.1728,-0.0297,-0.0775,9.8063,-0.0267,-0.0393,0.0479,-8.5,24.69,-14.77,249.35,1.18,1.07
5882,50.938656,-3.299295,188,25.55,12.0,248.2,Nov-21,588340,2019-08-17 07:30:17:707,0.3185,-0.0044,9.0113,0.0194,0.0171,9.8066,-0.0267,-0.0393,0.0479,-8.86,25.24,-13.57,249.46,1.1,1.02
5883,50.938656,-3.299295,188,25.55,12.0,248.2,Nov-21,588439,2019-08-17 07:30:17:806,-0.065,-0.2412,10.2577,0.0171,0.0044,9.8066,-0.0139,0.063,0.0053,-8.47,25.0,-14.25,251.46,1.23,0.95
5884,50.938587,-3.299639,186,25.43,11.0,248.6,Nov-21,588540,2019-08-17 07:30:17:907,0.1615,-0.0968,10.099,0.0254,0.0047,9.8066,-0.0289,0.015,0.0224,-8.03,25.11,-14.31,251.44,1.3,0.81
5885,50.938587,-3.299639,186,25.43,11.0,248.6,Nov-21,588639,2019-08-17 07:30:18:006,-0.0564,-0.3094,10.0625,-0.0185,0.012,9.8066,0.0148,-0.0073,0.0064,-8.03,25.11,-14.31,251.44,1.3,0.81
5886,50.938587,-3.299639,186,25.43,11.0,248.6,Nov-21,588739,2019-08-17 07:30:18:106,0.3461,0.5056,7.993,-0.0291,0.036,9.8065,0.0638,-0.0468,-0.0298,-7.93,25.25,-14.13,251.4,1.33,0.94
5887,50.938587,-3.299639,186,25.43,11.0,248.6,Nov-21,588839,2019-08-17 07:30:18:206,-0.1378,0.2344,9.1733,-0.0304,0.0388,9.8065,-0.0278,-0.0372,-0.0085,-8.01,25.5,-13.63,251.4,1.33,0.94
5888,50.938587,-3.299639,186,25.43,11.0,248.6,Nov-21,588939,2019-08-17 07:30:18:306,0.1388,0.2696,9.4993,-0.0298,0.0038,9.8066,-0.0182,-0.001,0.0074,-8.01,25.5,-13.63,251.4,1.33,0.94
5889,50.938587,-3.299639,186,25.43,11.0,248.6,Nov-21,589039,2019-08-17 07:30:18:406,-0.3523,-0.1613,10.3398,0.0082,-0.0137,9.8066,-0.0182,-0.001,0.0074,-8.55,25.22,-13.82,249.33,1.3,1.11
5890,50.938587,-3.299639,186,25.43,11.0,248.6,Nov-21,589139,2019-08-17 07:30:18:506,-0.2876,-0.4148,11.5299,0.0122,-0.0238,9.8066,-0.0257,0.031,0.0202,-8.43,25.36,-13.64,251.46,1.19,1.0
5891,50.938587,-3.299639,186,25.43,11.0,248.6,Nov-21,589240,2019-08-17 07:30:18:607,0.2888,0.2059,10.0018,0.0008,0.006,9.8066,-0.0022,0.0694,-0.0021,-8.43,25.36,-13.64,251.46,1.19,1.0
5892,50.938587,-3.299639,186,25.43,11.0,248.6,Nov-21,589339,2019-08-17 07:30:18:706,0.7226,0.1771,8.5082,0.0426,0.0261,9.8065,-0.0097,-0.0787,-0.0213,-7.83,25.38,-13.94,251.45,1.23,1.0
5893,50.938587,-3.299639,186,25.43,11.0,248.6,Nov-21,589440,2019-08-17 07:30:18:807,0.0857,-0.1052,10.09,0.0005,-0.0105,9.8066,0.0031,-0.05,-0.0053,-7.73,25.42,-13.93,251.37,1.45,0.81
5894,50.9385,-3.300007,187,25.56,11.0,248.9,Nov-21,589539,2019-08-17 07:30:18:906,-0.1882,-0.1027,11.5351,-0.0042,-0.0031,9.8066,0.0233,-0.0148,-0.0203,-7.73,25.42,-13.93,251.37,1.45,0.81
5895,50.9385,-3.300007,187,25.56,11.0,248.9,Nov-21,589639,2019-08-17 07:30:19:006,0.3282,-0.0724,9.4203,0.0017,0.0064,9.8066,0.002,-0.0084,-0.0352,-7.19,25.69,-13.73,254.08,1.43,0.83
5896,50.9385,-3.300007,187,25.56,11.0,248.9,Nov-21,589739,2019-08-17 07:30:19:106,-0.3371,-0.4628,11.3419,-0.0151,-0.0068,9.8066,-0.0107,-0.0681,-0.0171,-7.09,25.81,-13.55,254.1,1.37,0.9
5897,50.9385,-3.300007,187,25.56,11.0,248.9,Nov-21,589840,2019-08-17 07:30:19:207,0.2009,-0.0958,8.3551,-0.0188,-0.0242,9.8066,-0.0107,-0.0681,-0.0171,-7.73,25.42,-13.93,251.47,1.2,0.97
5898,50.9385,-3.300007,187,25.56,11.0,248.9,Nov-21,589939,2019-08-17 07:30:19:306,-0.1175,0.2327,10.1888,-0.0015,-0.0011,9.8067,-0.0001,-0.0904,0.0128,-7.73,25.42,-13.93,251.47,1.2,0.97
5899,50.9385,-3.300007,187,25.56,11.0,248.9,Nov-21,590039,2019-08-17 07:30:19:406,0.0756,0.4228,7.5321,-0.0068,0.0361,9.8066,0.0212,-0.1693,0.0,-8.16,25.57,-13.4,252.2,1.19,0.98
5900,50.9385,-3.300007,187,25.56,11.0,248.9,Nov-21,590139,2019-08-17 07:30:19:506,-0.4926,-0.2733,11.1328,0.002,0.0844,9.8063,0.0042,0.0054,-0.0128,-8.1,25.33,-13.88,251.2,1.66,1.12
5901,50.9385,-3.300007,187,25.56,11.0,248.9,Nov-21,590239,2019-08-17 07:30:19:606,0.0809,-0.0338,10.2229,0.0216,-0.0353,9.8066,-0.0235,0.0619,0.0021,-8.1,25.33,-13.88,251.2,1.66,1.12
5902,50.9385,-3.300007,187,25.56,11.0,248.9,Nov-21,590339,2019-08-17 07:30:19:706,0.3096,0.1246,9.8826,-0.009,-0.0236,9.8066,-0.0033,0.0832,0.0042,-6.96,25.74,-13.75,254.02,1.51,0.93
5903,50.9385,-3.300007,187,25.56,11.0,248.9,Nov-21,590439,2019-08-17 07:30:19:806,0.1251,-0.0196,9.4293,-0.0229,-0.0282,9.8066,0.0159,-0.0041,-0.0096,-7.21,25.35,-14.33,253.5,1.31,1.02
5904,50.9385,-3.300007,187,25.56,11.0,248.9,Nov-21,590541,2019-08-17 07:30:19:908,-0.251,-0.0153,9.5188,0.0004,-0.013,9.8066,0.0031,-0.018,-0.0277,-7.28,25.52,-13.98,254.15,1.24,0.99
5905,50.938408,-3.300375,188,25.67,11.0,249.0,Nov-21,590639,2019-08-17 07:30:20:006,-0.3708,0.2506,9.1677,0.016,0.0164,9.8066,0.0031,-0.018,-0.0277,-7.28,25.52,-13.98,254.15,1.24,0.99
5906,50.938408,-3.300375,188,25.67,11.0,249.0,Nov-21,590739,2019-08-17 07:30:20:106,-0.248,0.1535,9.9181,0.026,0.0184,9.8066,-0.0395,-0.0393,0.0021,-7.61,25.01,-14.73,251.33,1.36,0.93
5907,50.938408,-3.300375,188,25.67,11.0,249.0,Nov-21,590840,2019-08-17 07:30:20:207,0.1984,0.088,8.9484,0.0679,0.0473,9.8063,-0.0246,-0.0223,0.0149,-6.74,25.78,-13.78,253.95,1.75,0.64
5908,50.938408,-3.300375,188,25.67,11.0,249.0,Nov-21,590939,2019-08-17 07:30:20:306,-0.0601,0.2975,10.1316,0.0073,-0.0001,9.8066,0.0138,-0.0116,0.0213,-6.74,25.78,-13.78,253.95,1.75,0.64
5909,50.938408,-3.300375,188,25.67,11.0,249.0,Nov-21,591039,2019-08-17 07:30:20:406,0.547,0.1252,10.2141,-0.0254,0.0045,9.8066,0.0361,-0.0041,-0.0032,-7.76,25.11,-14.46,251.25,1.76,0.6
5910,50.938408,-3.300375,188,25.67,11.0,249.0,Nov-21,591140,2019-08-17 07:30:20:507,-0.8144,-0.3547,11.5609,-0.0194,-0.02,9.8066,-0.0033,0.0821,0.0394,-7.01,25.05,-14.94,253.26,1.74,0.75
5911,50.938408,-3.300375,188,25.67,11.0,249.0,Nov-21,591239,2019-08-17 07:30:20:606,0.8014,-0.1676,7.9543,-0.0157,-0.0543,9.8065,-0.0672,0.1216,-0.0085,-7.03,25.59,-13.98,254.11,1.41,0.74
5912,50.938408,-3.300375,188,25.67,11.0,249.0,Nov-21,591340,2019-08-17 07:30:20:707,-0.0133,0.1288,9.3467,0.0008,-0.001,9.8067,0.034,-0.1171,0.016,-7.03,25.59,-13.98,254.11,1.41,0.74
5913,50.938408,-3.300375,188,25.67,11.0,249.0,Nov-21,591439,2019-08-17 07:30:20:806,-0.4899,-0.0371,10.3648,-0.0224,0.0458,9.8065,0.034,-0.1171,0.016,-7.18,25.65,-13.8,254.11,1.4,0.74
5914,50.938408,-3.300375,188,25.67,11.0,249.0,Nov-21,591539,2019-08-17 07:30:20:906,-0.2751,-0.1214,10.649,-0.0386,0.0731,9.8063,0.0351,-0.0457,-0.0139,-7.18,25.65,-13.8,254.11,1.4,0.74
5915,50.93833,-3.300716,189,25.41,11.0,249.9,Nov-21,591639,2019-08-17 07:30:21:006,0.292,-0.217,10.5124,0.0147,-0.0099,9.8066,-0.0321,0.0534,-0.0139,-6.74,25.78,-13.78,253.87,1.75,1.07
5916,50.93833,-3.300716,189,25.41,11.0,249.9,Nov-21,591739,2019-08-17 07:30:21:106,0.5825,0.0175,10.3309,0.026,-0.0273,9.8066,-0.015,0.031,0.0021,-7.13,25.47,-14.17,253.35,1.64,0.88
5917,50.93833,-3.300716,189,25.41,11.0,249.9,Nov-21,591840,2019-08-17 07:30:21:207,0.538,-0.0744,10.3422,0.0223,0.0104,9.8066,-0.0107,0.0001,-0.0032,-7.13,25.47,-14.17,253.35,1.64,0.88
5918,50.93833,-3.300716,189,25.41,11.0,249.9,Nov-21,591939,2019-08-17 07:30:21:306,-0.4912,-0.0379,10.5077,-0.0056,0.0097,9.8066,-0.0012,0.0129,0.0192,-7.13,25.47,-14.17,253.32,1.74,0.78
5919,50.93833,-3.300716,189,25.41,11.0,249.9,Nov-21,592039,2019-08-17 07:30:21:406,-0.5063,-0.0092,9.9727,-0.0228,-0.0093,9.8066,-0.0012,0.0022,-0.0426,-7.57,25.37,-14.11,251.25,1.65,0.89
5920,50.93833,-3.300716,189,25.41,11.0,249.9,Nov-21,592139,2019-08-17 07:30:21:506,0.0741,0.3349,8.838,0.0151,-0.0147,9.8066,-0.0012,0.0022,-0.0426,-7.08,25.27,-14.53,253.33,1.59,0.78
5921,50.93833,-3.300716,189,25.41,11.0,249.9,Nov-21,592239,2019-08-17 07:30:21:606,-0.2014,0.0285,10.6363,0.047,0.0123,9.8065,-0.0235,0.0001,0.0245,-7.08,25.27,-14.53,253.33,1.59,0.78
5922,50.93833,-3.300716,189,25.41,11.0,249.9,Nov-21,592339,2019-08-17 07:30:21:706,-0.394,-0.1098,10.5429,0.0097,-0.003,9.8066,0.067,-0.0595,-0.0234,-6.7,25.25,-14.75,253.3,1.74,0.53
5923,50.93833,-3.300716,189,25.41,11.0,249.9,Nov-21,592439,2019-08-17 07:30:21:806,0.1945,-0.1239,8.9844,0.0119,0.0023,9.8066,-0.0118,0.0022,-0.0096,-6.59,25.69,-14.03,253.97,1.77,0.47
5924,50.93826,-3.301042,190,25.38,11.0,250.0,Nov-21,592540,2019-08-17 07:30:21:907,-0.0157,0.1434,10.9785,0.0025,0.0426,9.8066,0.0063,-0.0361,-0.0096,-7.08,25.27,-14.53,253.15,2.02,0.53
5925,50.93826,-3.301042,190,25.38,11.0,250.0,Nov-21,592639,2019-08-17 07:30:22:006,0.1601,-0.1105,9.7251,-0.0098,-0.0063,9.8066,0.0244,0.0267,-0.0117,-7.08,25.27,-14.53,253.15,2.02,0.53
5926,50.93826,-3.301042,190,25.38,11.0,250.0,Nov-21,592739,2019-08-17 07:30:22:106,0.056,-0.1287,10.2735,-0.0146,-0.0317,9.8066,-0.0107,0.0118,0.017,-6.23,25.65,-14.27,255.92,1.97,0.57
5927,50.93826,-3.301042,190,25.38,11.0,250.0,Nov-21,592840,2019-08-17 07:30:22:207,0.2967,0.2596,8.8636,-0.0178,-0.0625,9.8064,-0.0107,0.0118,0.017,-6.98,25.41,-14.34,253.44,1.59,0.58
5928,50.93826,-3.301042,190,25.38,11.0,250.0,Nov-21,592940,2019-08-17 07:30:22:307,0.2429,-0.137,9.2943,0.0191,-0.0036,9.8066,-0.0267,-0.0329,0.017,-6.98,25.41,-14.34,253.44,1.59,0.58
5929,50.93826,-3.301042,190,25.38,11.0,250.0,Nov-21,593040,2019-08-17 07:30:22:407,0.1529,-0.4745,10.179,0.031,0.0217,9.8066,-0.0246,0.0321,-0.0139,-6.5,25.81,-13.84,253.98,1.76,0.45
5930,50.93826,-3.301042,190,25.38,11.0,250.0,Nov-21,593140,2019-08-17 07:30:22:507,0.227,0.0745,9.6826,0.0269,0.0046,9.8066,0.0084,-0.0574,-0.0043,-6.56,26.02,-13.41,253.98,1.76,0.45
5931,50.93826,-3.301042,190,25.38,11.0,250.0,Nov-21,593240,2019-08-17 07:30:22:607,-0.0276,-0.0076,10.4852,0.0419,0.0439,9.8065,0.0116,-0.1139,-0.0352,-6.46,25.62,-14.2,255.91,2.07,0.28
5932,50.93826,-3.301042,190,25.38,11.0,250.0,Nov-21,593340,2019-08-17 07:30:22:707,0.2682,0.0621,8.3145,0.0142,0.0017,9.8066,-0.0193,-0.0862,-0.0107,-6.46,25.62,-14.2,255.91,2.07,0.28
5933,50.93826,-3.301042,190,25.38,11.0,250.0,Nov-21,593439,2019-08-17 07:30:22:806,-0.0982,0.1716,9.9918,0.012,-0.0064,9.8066,-0.0044,0.0459,-0.0096,-6.27,25.89,-13.8,255.91,2.1,0.2
5934,50.93826,-3.301042,190,25.38,11.0,250.0,Nov-21,593539,2019-08-17 07:30:22:906,-0.493,-0.2334,10.9548,0.003,-0.0467,9.8065,-0.0044,0.0459,-0.0096,-6.27,25.89,-13.8,255.91,2.1,0.2
5935,50.93817,-3.301415,190,25.88,11.0,249.9,Nov-21,593639,2019-08-17 07:30:23:006,-0.1907,0.1592,9.3829,-0.0063,-0.0308,9.8066,-0.0086,0.0491,0.0096,-6.63,25.37,-14.58,253.32,1.84,0.12
5936,50.93817,-3.301415,190,25.88,11.0,249.9,Nov-21,593739,2019-08-17 07:30:23:106,-0.3271,0.2275,9.6595,-0.0039,-0.0419,9.8066,-0.0161,0.0193,0.033,-7.12,25.52,-14.07,254.12,1.6,0.07
5937,50.93817,-3.301415,190,25.88,11.0,249.9,Nov-21,593840,2019-08-17 07:30:23:207,0.202,0.1327,8.6063,-0.0082,0.0197,9.8066,0.0308,-0.0276,0.0,-7.12,25.52,-14.07,254.12,1.6,0.07
5938,50.93817,-3.301415,190,25.88,11.0,249.9,Nov-21,593939,2019-08-17 07:30:23:306,-0.3554,0.1712,10.4474,-0.0067,0.0015,9.8066,0.0095,-0.0808,-0.0128,-6.25,25.34,-14.8,255.52,1.7,0.15
5939,50.93817,-3.301415,190,25.88,11.0,249.9,Nov-21,594039,2019-08-17 07:30:23:406,0.3269,0.2418,7.8539,0.0211,0.0043,9.8066,-0.0129,-0.0201,-0.0053,-6.41,25.99,-13.54,256.06,1.82,0.2
5940,50.93817,-3.301415,190,25.88,11.0,249.9,Nov-21,594140,2019-08-17 07:30:23:507,0.6238,0.5008,10.293,0.0316,-0.017,9.8066,0.0383,0.0619,-0.0501,-6.41,25.99,-13.54,256.06,1.82,0.2
5941,50.93817,-3.301415,190,25.88,11.0,249.9,Nov-21,594240,2019-08-17 07:30:23:607,-0.2443,0.0331,10.3981,-0.0095,0.004,9.8066,0.0873,0.0225,-0.0266,-5.76,25.78,-14.22,256.11,1.76,0.0
5942,50.93817,-3.301415,190,25.88,11.0,249.9,Nov-21,594339,2019-08-17 07:30:23:706,0.4559,0.1585,8.4778,-0.0324,-0.0151,9.8066,-0.0331,-0.002,0.0256,-6.3,25.54,-14.43,256.11,1.76,0.0
5943,50.93817,-3.301415,190,25.88,11.0,249.9,Nov-21,594440,2019-08-17 07:30:23:807,0.5543,-0.1799,9.0637,-0.0394,0.0273,9.8065,-0.0331,-0.002,0.0256,-6.22,25.7,-14.17,256.02,1.86,0.26
5944,50.938087,-3.301738,190,25.45,11.0,249.7,Nov-21,594540,2019-08-17 07:30:23:907,0.3072,-0.1386,9.697,0.009,-0.0034,9.8066,0.0255,0.031,0.0032,-6.22,25.7,-14.17,256.02,1.86,0.26
5945,50.938087,-3.301738,190,25.45,11.0,249.7,Nov-21,594639,2019-08-17 07:30:24:006,0.2454,-0.3707,9.4847,0.0154,0.005,9.8066,-0.0044,0.0267,-0.0213,-5.79,25.42,-14.84,255.43,1.86,0.2
5946,50.938087,-3.301738,190,25.45,11.0,249.7,Nov-21,594740,2019-08-17 07:30:24:107,0.0741,0.1857,10.5095,0.0239,0.0163,9.8066,0.0138,-0.0276,-0.0213,-5.84,25.65,-14.41,255.99,1.98,0.09
5947,50.938087,-3.301738,190,25.45,11.0,249.7,Nov-21,594839,2019-08-17 07:30:24:206,-0.0852,0.1401,10.1789,0.0045,0.0119,9.8066,-0.0139,-0.0404,0.0309,-5.84,25.65,-14.41,255.99,1.98,0.09
5948,50.938087,-3.301738,190,25.45,11.0,249.7,Nov-21,594940,2019-08-17 07:30:24:307,-0.1701,0.1127,9.1843,-0.0268,-0.025,9.8066,0.018,0.0395,-0.0139,-6.17,25.47,-14.6,255.36,2.02,0.08
5949,50.938087,-3.301738,190,25.45,11.0,249.7,Nov-21,595040,2019-08-17 07:30:24:407,-0.7761,-0.1378,10.0598,-0.0664,-0.0422,9.8063,0.0521,0.0086,-0.0245,-6.15,25.8,-14.01,256.09,1.69,0.39
5950,50.938087,-3.301738,190,25.45,11.0,249.7,Nov-21,595141,2019-08-17 07:30:24:508,0.0282,0.234,9.2574,-0.024,0.0073,9.8066,-0.0075,-0.001,0.0106,-6.15,25.8,-14.01,256.09,1.69,0.39
5951,50.938087,-3.301738,190,25.45,11.0,249.7,Nov-21,595240,2019-08-17 07:30:24:607,-0.3741,0.1711,10.0747,-0.0221,0.0172,9.8066,-0.0075,-0.001,0.0106,-6.23,25.65,-14.27,256.06,1.69,0.54
5952,50.938087,-3.301738,190,25.45,11.0,249.7,Nov-21,595340,2019-08-17 07:30:24:707,-0.3959,0.1768,9.4419,-0.0255,0.0387,9.8065,-0.0129,-0.0734,0.0298,-5.6,25.43,-14.9,256.06,1.69,0.54
5953,50.938087,-3.301738,190,25.45,11.0,249.7,Nov-21,595439,2019-08-17 07:30:24:806,-0.3029,0.2448,9.3394,-0.0206,0.0501,9.8065,0.0084,0.0033,-0.0384,-5.65,25.66,-14.48,255.9,1.95,0.72
5954,50.938087,-3.301738,190,25.45,11.0,249.7,Nov-21,595540,2019-08-17 07:30:24:907,0.0589,0.2786,9.8157,0.0171,0.0326,9.8066,-0.0203,-0.0116,0.0074,-5.76,25.78,-14.22,255.9,1.95,0.72
5955,50.938038,-3.302104,192,25.56,12.0,251.9,Nov-21,595640,2019-08-17 07:30:25:007,-0.0139,0.2589,9.5899,0.0411,0.0418,9.8065,-0.0235,-0.0318,-0.0234,-5.76,25.78,-14.22,255.9,1.95,0.72
5956,50.938038,-3.302104,192,25.56,12.0,251.9,Nov-21,595740,2019-08-17 07:30:25:107,0.5785,0.2425,10.3379,0.0145,-0.0165,9.8066,0.018,-0.0191,-0.0096,-5.62,25.12,-15.41,255.15,2.24,0.55
5957,50.938038,-3.302104,192,25.56,12.0,251.9,Nov-21,595840,2019-08-17 07:30:25:207,0.5496,-0.0831,9.6667,0.0291,-0.0471,9.8065,0.0052,0.0076,0.0266,-5.16,25.54,-14.88,257.95,2.02,0.32
5958,50.938038,-3.302104,192,25.56,12.0,251.9,Nov-21,595940,2019-08-17 07:30:25:307,0.422,0.1923,9.1912,-0.0085,-0.0023,9.8066,0.0915,-0.0255,-0.0107,-6.14,25.77,-14.08,257.95,2.02,0.32
5959,50.938038,-3.302104,192,25.56,12.0,251.9,Nov-21,596040,2019-08-17 07:30:25:407,0.2699,-0.3436,10.8367,-0.0634,0.0206,9.8064,0.0915,-0.0255,-0.0107,-5.57,25.78,-14.29,255.85,2.06,0.7
5960,50.938038,-3.302104,192,25.56,12.0,251.9,Nov-21,596139,2019-08-17 07:30:25:506,-0.1566,-0.2192,10.8742,-0.0606,-0.0353,9.8064,0.0233,-0.001,0.0117,-5.57,25.78,-14.29,255.85,2.06,0.7
5961,50.938038,-3.302104,192,25.56,12.0,251.9,Nov-21,596241,2019-08-17 07:30:25:608,0.6665,0.327,9.2604,-0.0071,0.0161,9.8066,-0.0438,0.0257,0.0394,-5.55,26.11,-13.68,255.95,1.78,1.0
5962,50.938038,-3.302104,192,25.56,12.0,251.9,Nov-21,596339,2019-08-17 07:30:25:706,0.0784,-0.0302,10.1635,0.0213,0.0019,9.8066,-0.0139,-0.0414,0.0,-5.48,25.37,-15.05,257.46,1.86,1.06
5963,50.938038,-3.302104,192,25.56,12.0,251.9,Nov-21,596440,2019-08-17 07:30:25:807,-0.0378,0.2555,8.8757,0.0199,0.0234,9.8066,0.001,-0.0425,0.0021,-5.48,25.37,-15.05,257.46,1.86,1.06
5964,50.938038,-3.302104,192,25.56,12.0,251.9,Nov-21,596539,2019-08-17 07:30:25:906,0.0964,0.053,9.2335,0.007,-0.0126,9.8066,-0.0129,-0.0137,-0.016,-5.61,25.46,-14.84,255.2,2.02,0.98
5965,50.937977,-3.302465,193,25.83,13.0,252.5,Nov-21,596639,2019-08-17 07:30:26:006,0.0793,0.0932,10.7878,0.0202,0.0396,9.8066,-0.0129,-0.0137,-0.016,-5.16,25.54,-14.88,257.9,1.96,0.92
5966,50.937977,-3.302465,193,25.83,13.0,252.5,Nov-21,596739,2019-08-17 07:30:26:106,0.4517,0.2849,8.5972,0.0303,0.0377,9.8065,-0.0214,-0.0819,-0.0107,-5.17,26.07,-13.91,257.9,1.96,0.92
5967,50.937977,-3.302465,193,25.83,13.0,252.5,Nov-21,596840,2019-08-17 07:30:26:207,0.3464,0.1015,9.11,0.0256,0.0014,9.8066,0.0074,0.0779,-0.0043,-5.17,26.07,-13.91,257.98,1.99,0.77
5968,50.937977,-3.302465,193,25.83,13.0,252.5,Nov-21,596939,2019-08-17 07:30:26:306,-0.4288,-0.578,11.4089,-0.04,-0.0262,9.8065,0.0681,0.0161,-0.0298,-5.62,26.0,-13.87,257.98,1.99,0.77
5969,50.937977,-3.302465,193,25.83,13.0,252.5,Nov-21,597039,2019-08-17 07:30:26:406,0.1835,0.1494,9.1621,-0.0794,-0.031,9.8063,-0.0182,-0.0468,0.017,-5.62,26.0,-13.87,255.95,1.72,1.19
5970,50.937977,-3.302465,193,25.83,13.0,252.5,Nov-21,597140,2019-08-17 07:30:26:507,-0.0499,0.163,8.5324,0.0222,0.0415,9.8065,-0.0022,-0.0095,-0.0149,-5.62,26.0,-13.87,255.95,1.72,1.19
5971,50.937977,-3.302465,193,25.83,13.0,252.5,Nov-21,597239,2019-08-17 07:30:26:606,-0.0114,0.1679,8.7643,0.0215,0.0151,9.8066,-0.0267,0.0161,-0.0085,-5.2,25.76,-14.46,257.93,1.99,1.12
5972,50.937977,-3.302465,193,25.83,13.0,252.5,Nov-21,597340,2019-08-17 07:30:26:707,-0.5506,0.0601,10.2549,0.0455,0.0302,9.8065,-0.0022,-0.0585,-0.0203,-5.2,25.76,-14.46,257.84,2.22,0.9
5973,50.937977,-3.302465,193,25.83,13.0,252.5,Nov-21,597439,2019-08-17 07:30:26:806,0.0039,-0.0945,9.744,0.0188,0.0076,9.8066,-0.0022,-0.0585,-0.0203,-5.2,25.76,-14.46,257.84,2.22,0.9
5974,50.937977,-3.302465,193,25.83,13.0,252.5,Nov-21,597539,2019-08-17 07:30:26:906,-0.1636,-0.3001,10.0617,0.0179,-0.0024,9.8066,-0.0225,-0.0233,-0.0256,-5.19,25.73,-14.52,257.84,2.22,0.9
5975,50.937912,-3.302797,193,25.33,13.0,253.0,Nov-21,597640,2019-08-17 07:30:27:007,0.1039,0.0285,10.0119,-0.0058,-0.03,9.8066,-0.0054,-0.0042,-0.0064,-5.23,25.05,-15.65,257.2,2.22,0.79
5976,50.937912,-3.302797,193,25.33,13.0,253.0,Nov-21,597739,2019-08-17 07:30:27:106,-0.213,-0.2477,10.3627,-0.0042,-0.039,9.8066,0.0148,-0.0457,-0.0277,-5.25,25.63,-14.69,257.9,2.0,0.77
5977,50.937912,-3.302797,193,25.33,13.0,253.0,Nov-21,597839,2019-08-17 07:30:27:206,-0.2128,-0.0172,9.1215,-0.0002,-0.0011,9.8067,0.0042,-0.0105,-0.0203,-5.37,25.73,-14.46,257.9,2.0,0.77
5978,50.937912,-3.302797,193,25.33,13.0,253.0,Nov-21,597940,2019-08-17 07:30:27:307,-0.1194,-0.1131,9.7678,-0.0017,-0.0025,9.8067,-0.0033,-0.0478,0.0032,-5.37,25.73,-14.46,257.9,2.0,0.77
5979,50.937912,-3.302797,193,25.33,13.0,253.0,Nov-21,598040,2019-08-17 07:30:27:407,0.1961,0.1434,9.1731,-0.0061,0.0235,9.8066,0.0138,-0.0137,-0.0192,-5.75,26.1,-13.62,255.85,2.0,0.9
5980,50.937912,-3.302797,193,25.33,13.0,253.0,Nov-21,598139,2019-08-17 07:30:27:506,0.2875,0.2202,9.4295,0.0158,0.0646,9.8064,-0.0161,-0.0223,0.0085,-5.28,26.15,-13.73,255.85,2.0,0.9
5981,50.937912,-3.302797,193,25.33,13.0,253.0,Nov-21,598239,2019-08-17 07:30:27:606,-0.2921,0.249,9.4675,-0.0172,-0.007,9.8066,-0.0161,-0.0223,0.0085,-4.83,25.93,-14.3,257.75,2.39,0.91
5982,50.937912,-3.302797,193,25.33,13.0,253.0,Nov-21,598339,2019-08-17 07:30:27:706,0.4489,-0.1423,9.2536,-0.0108,-0.0565,9.8065,-0.0608,0.0203,0.0053,-4.83,25.93,-14.3,257.75,2.39,0.91
5983,50.937912,-3.302797,193,25.33,13.0,253.0,Nov-21,598440,2019-08-17 07:30:27:807,0.2035,-0.0286,9.737,0.0079,-0.0297,9.8066,0.0372,0.0555,-0.048,-5.64,25.71,-14.39,255.82,2.05,0.9
5984,50.93782,-3.303223,193,26.63,13.0,252.5,Nov-21,598542,2019-08-17 07:30:27:909,0.0902,-0.3856,9.7166,0.0125,-0.0355,9.8066,-0.0033,-0.0958,0.0032,-5.24,26.01,-14.0,255.82,2.05,0.9
5985,50.93782,-3.303223,193,26.63,13.0,252.5,Oct-21,598639,2019-08-17 07:30:28:006,0.5099,0.021,8.6166,0.0259,0.0043,9.8066,-0.0289,0.0203,0.0213,-5.22,25.46,-14.98,257.36,2.11,0.76
5986,50.93782,-3.303223,193,26.63,13.0,252.5,Oct-21,598739,2019-08-17 07:30:28:106,-0.2984,0.0647,10.5377,0.0151,0.0084,9.8066,-0.0107,-0.0042,0.0042,-5.22,25.46,-14.98,257.36,2.11,0.76
5987,50.93782,-3.303223,193,26.63,13.0,252.5,Oct-21,598839,2019-08-17 07:30:28:206,-0.3292,0.187,9.9174,0.0314,0.0191,9.8066,-0.0129,0.0012,0.0064,-4.88,26.16,-13.86,257.86,2.26,0.6
5988,50.93782,-3.303223,193,26.63,13.0,252.5,Oct-21,598939,2019-08-17 07:30:28:306,-0.1854,0.0803,10.8422,-0.0024,0.002,9.8066,-0.0129,0.0012,0.0064,-4.37,26.02,-14.27,257.86,2.26,0.6
5989,50.93782,-3.303223,193,26.63,13.0,252.5,Oct-21,599040,2019-08-17 07:30:28:407,-0.0812,0.1148,9.3771,-0.0183,-0.0207,9.8066,0.0223,-0.0223,-0.0235,-4.88,26.16,-13.86,257.86,2.27,0.62
5990,50.93782,-3.303223,193,26.63,13.0,252.5,Oct-21,599140,2019-08-17 07:30:28:507,0.0962,0.4053,9.2681,-0.0246,-0.0218,9.8066,0.002,-0.035,0.0,-4.88,26.16,-13.86,257.86,2.27,0.62
5991,50.93782,-3.303223,193,26.63,13.0,252.5,Oct-21,599240,2019-08-17 07:30:28:607,-0.2244,-0.0366,9.8762,0.0123,0.0128,9.8066,0.0138,-0.0329,-0.0373,-5.26,25.66,-14.63,257.84,2.11,0.73
5992,50.93782,-3.303223,193,26.63,13.0,252.5,Oct-21,599339,2019-08-17 07:30:28:706,-0.0829,0.0983,10.2537,0.0471,0.0435,9.8064,-0.0193,0.0278,0.0053,-4.8,25.73,-14.67,257.7,2.42,0.52
5993,50.93782,-3.303223,193,26.63,13.0,252.5,Oct-21,599439,2019-08-17 07:30:28:806,0.2149,-0.0208,10.1752,0.0203,-0.0065,9.8066,0.0457,-0.0052,0.0,-4.79,25.69,-14.73,257.7,2.42,0.52
5994,50.93782,-3.303223,193,26.63,13.0,252.5,Nov-21,599540,2019-08-17 07:30:28:907,0.3308,0.0342,9.5663,0.0203,-0.0175,9.8066,0.0457,-0.0052,0.0,-4.79,25.69,-14.73,257.7,2.42,0.52
5995,50.93776,-3.303527,192,25.64,13.0,252.7,Nov-21,599640,2019-08-17 07:30:29:007,-0.3619,-0.1032,10.8267,0.0174,-0.0098,9.8066,-0.0033,-0.0809,0.0,-5.14,24.6,-16.38,257.17,2.39,0.41
5996,50.93776,-3.303527,192,25.64,13.0,252.7,Nov-21,599740,2019-08-17 07:30:29:107,0.2151,0.1083,9.2083,-0.0145,0.0053,9.8066,-0.0054,-0.0127,0.0213,-5.14,24.6,-16.38,257.17,2.39,0.41
5997,50.93776,-3.303527,192,25.64,13.0,252.7,Nov-21,599839,2019-08-17 07:30:29:206,0.2982,0.3228,8.1355,0.0077,0.0057,9.8066,-0.0459,0.0683,0.0074,-5.35,25.12,-15.51,257.14,2.4,0.5
5998,50.93776,-3.303527,192,25.64,13.0,252.7,Nov-21,599939,2019-08-17 07:30:29:306,-0.3015,-0.5019,12.3403,0.0171,0.0046,9.8066,-0.0086,0.048,0.0202,-5.91,24.48,-16.3,254.41,2.4,0.35
5999,50.93776,-3.303527,192,25.64,13.0,252.7,Nov-21,600039,2019-08-17 07:30:29:406,0.607,0.0035,8.7329,0.0346,0.014,9.8066,0.0074,-0.034,0.0053,-5.91,24.48,-16.3,254.41,2.4,0.35
6000,50.93776,-3.303527,192,25.64,13.0,252.7,Nov-21,600139,2019-08-17 07:30:29:506,0.0471,0.1501,10.0984,0.0079,-0.0104,9.8066,-0.0203,0.0417,-0.0011,-5.47,25.18,-15.36,257.22,2.53,0.17
6001,50.93776,-3.303527,192,25.64,13.0,252.7,Nov-21,600239,2019-08-17 07:30:29:606,0.0897,-0.0347,9.9121,-0.0032,-0.0214,9.8066,0.002,0.031,0.033,-5.62,24.88,-15.8,255.0,2.48,0.12
6002,50.93776,-3.303527,192,25.64,13.0,252.7,Nov-21,600340,2019-08-17 07:30:29:707,-0.2056,-0.2587,9.5018,-0.0025,-0.0379,9.8066,0.002,0.031,0.033,-5.62,24.88,-15.8,255.0,2.48,0.12
6003,50.93776,-3.303527,192,25.64,13.0,252.7,Nov-21,600440,2019-08-17 07:30:29:807,-0.3704,0.1164,10.702,0.0104,0.0098,9.8066,0.0223,-0.0063,-0.0181,-4.98,25.22,-15.47,257.39,2.27,0.07
6004,50.93765,-3.303917,193,26.55,13.0,251.0,Nov-21,600539,2019-08-17 07:30:29:906,0.0552,0.4693,8.7967,0.002,0.0276,9.8066,-0.0118,0.031,0.0053,-5.56,24.62,-16.22,255.11,2.33,0.03
6005,50.93765,-3.303917,193,26.55,13.0,251.0,Nov-21,600639,2019-08-17 07:30:30:006,-0.0795,-0.07,10.4479,0.0085,0.0321,9.8066,-0.0278,-0.0617,0.0011,-4.23,24.65,-16.57,255.11,2.33,0.03
6006,50.93765,-3.303917,193,26.55,13.0,251.0,Nov-21,600739,2019-08-17 07:30:30:106,0.2034,0.1231,10.8046,0.0327,0.0245,9.8066,-0.0171,0.0033,0.0256,-2.78,24.41,-17.22,261.15,2.52,-0.12
6007,50.93765,-3.303917,193,26.55,13.0,251.0,Nov-21,600840,2019-08-17 07:30:30:207,-0.0663,-0.297,10.4542,0.0213,0.0306,9.8066,0.0138,-0.0265,-0.0181,-1.7,25.75,-15.3,261.15,2.52,-0.12
6008,50.93765,-3.303917,193,26.55,13.0,251.0,Nov-21,600939,2019-08-17 07:30:30:306,0.086,0.3713,8.062,0.0257,0.0044,9.8066,-0.0267,0.0928,-0.0235,-1.7,25.75,-15.3,261.15,2.52,-0.12
6009,50.93765,-3.303917,193,26.55,13.0,251.0,Nov-21,601039,2019-08-17 07:30:30:406,-0.1597,-0.3275,11.2514,0.0152,-0.0372,9.8066,-0.0267,0.0928,-0.0235,-2.26,27.15,-12.57,264.56,2.57,-0.27
6010,50.93765,-3.303917,193,26.55,13.0,251.0,Nov-21,601141,2019-08-17 07:30:30:508,0.1113,-0.0719,9.8236,0.0426,-0.0525,9.8064,-0.0416,-0.0159,0.0181,-6.57,27.78,-9.23,255.35,2.29,-0.54
6011,50.93765,-3.303917,193,26.55,13.0,251.0,Nov-21,601239,2019-08-17 07:30:30:606,-0.0969,-0.0448,9.5562,0.0134,0.0097,9.8066,0.0095,-0.0063,-0.0171,-6.57,27.78,-9.23,255.35,2.29,-0.54
6012,50.93765,-3.303917,193,26.55,13.0,251.0,Nov-21,601339,2019-08-17 07:30:30:706,0.4786,0.1954,8.5751,0.0348,-0.0026,9.8066,-0.0182,-0.0127,0.0064,-9.95,25.49,-12.3,247.37,2.36,-0.61
6013,50.93765,-3.303917,193,26.55,13.0,251.0,Nov-21,601439,2019-08-17 07:30:30:806,0.2819,-0.1519,9.5686,0.0617,0.0246,9.8064,-0.0427,-0.0031,0.0341,-8.89,24.86,-14.25,247.37,2.36,-0.61
6014,50.937584,-3.304239,193,25.97,14.0,251.0,Nov-21,601540,2019-08-17 07:30:30:907,0.4806,0.2686,9.7137,0.0985,0.0495,9.806,0.0063,-0.0137,-0.0171,-5.83,25.36,-14.93,255.11,2.85,-1.03
6015,50.937584,-3.304239,193,25.97,14.0,251.0,Nov-21,601639,2019-08-17 07:30:31:006,-0.5986,-0.3811,11.9403,0.0164,0.0084,9.8066,0.0063,-0.0169,0.0053,-5.83,25.36,-14.93,255.11,2.85,-1.03
6016,50.937584,-3.304239,193,25.97,14.0,251.0,Nov-21,601739,2019-08-17 07:30:31:106,0.2391,0.0184,9.1375,-0.006,-0.0407,9.8066,0.0063,-0.0169,0.0053,-5.27,25.62,-14.68,255.11,2.85,-1.03
6017,50.937584,-3.304239,193,25.97,14.0,251.0,Nov-21,601839,2019-08-17 07:30:31:206,-0.5339,0.1472,9.5712,-0.019,0.0104,9.8066,-0.0001,0.0502,0.0032,-6.28,25.27,-14.9,255.27,2.53,-0.99
6018,50.937584,-3.304239,193,25.97,14.0,251.0,Nov-21,601940,2019-08-17 07:30:31:307,-0.5186,-0.2932,11.1606,-0.0156,0.0063,9.8066,0.0297,-0.018,-0.0245,-6.28,25.27,-14.9,255.27,2.53,-0.99
6019,50.937584,-3.304239,193,25.97,14.0,251.0,Nov-21,602039,2019-08-17 07:30:31:406,0.5639,0.216,7.9831,-0.0062,-0.0002,9.8066,-0.0321,0.0257,0.0117,-4.04,24.36,-17.04,258.96,2.55,-0.89
6020,50.937584,-3.304239,193,25.97,14.0,251.0,Nov-21,602140,2019-08-17 07:30:31:507,-0.4203,-0.3456,11.1198,0.0296,-0.0151,9.8066,-0.0331,-0.0681,0.0096,-1.75,24.26,-17.56,263.47,2.54,-0.86
6021,50.937584,-3.304239,193,25.97,14.0,251.0,Nov-21,602240,2019-08-17 07:30:31:607,0.3762,0.131,10.2231,0.0432,0.0336,9.8065,0.0074,-0.0329,0.0085,-0.18,25.69,-15.49,268.48,2.76,-1.09
6022,50.937584,-3.304239,193,25.97,14.0,251.0,Nov-21,602339,2019-08-17 07:30:31:706,0.1895,-0.204,9.7187,0.0026,0.0226,9.8066,-0.0076,0.0118,-0.0043,-0.18,25.69,-15.49,268.48,2.76,-1.09
6023,50.937584,-3.304239,193,25.97,14.0,251.0,Nov-21,602440,2019-08-17 07:30:31:807,0.2782,-0.3241,10.0027,-0.0006,-0.038,9.8066,0.0372,0.0459,-0.0085,0.28,25.69,-15.49,268.41,2.89,-1.1
6024,50.937515,-3.304558,194,25.39,15.0,251.0,Nov-21,602540,2019-08-17 07:30:31:907,-0.1214,-0.0332,10.3632,-0.0052,-0.0487,9.8065,0.0372,0.0459,-0.0085,-0.2,25.9,-15.13,268.53,2.67,-1.1
6025,50.937515,-3.304558,194,25.39,15.0,251.0,Nov-21,602639,2019-08-17 07:30:32:006,-0.4017,0.0769,10.4572,-0.0347,-0.0436,9.8065,-0.0033,-0.0532,-0.0011,-1.64,25.39,-15.89,264.0,2.41,-0.9
6026,50.937515,-3.304558,194,25.39,15.0,251.0,Nov-21,602739,2019-08-17 07:30:32:106,-0.5526,0.1249,9.5738,-0.0317,0.0542,9.8064,0.0212,-0.0073,0.0096,-1.64,25.39,-15.89,264.0,2.41,-0.9
6027,50.937515,-3.304558,194,25.39,15.0,251.0,Nov-21,602839,2019-08-17 07:30:32:206,-0.4838,-0.0355,10.5951,-0.006,-0.0207,9.8066,-0.0171,-0.0127,-0.0011,-2.74,25.68,-15.26,261.98,2.71,-0.69
6028,50.937515,-3.304558,194,25.39,15.0,251.0,Nov-21,602939,2019-08-17 07:30:32:306,-0.2494,0.1492,9.7608,-0.0063,-0.014,9.8066,0.0095,-0.0329,-0.0043,-4.24,24.2,-17.22,258.87,2.62,-0.66
6029,50.937515,-3.304558,194,25.39,15.0,251.0,Nov-21,603039,2019-08-17 07:30:32:406,-0.0415,-0.0481,10.2016,0.0137,0.0238,9.8066,0.0042,-0.001,-0.0203,-4.22,24.61,-16.63,258.87,2.62,-0.66
6030,50.937515,-3.304558,194,25.39,15.0,251.0,Nov-21,603140,2019-08-17 07:30:32:507,0.019,0.2446,9.0936,0.0318,0.005,9.8066,0.0042,-0.001,-0.0203,-4.22,24.61,-16.63,258.87,2.62,-0.66
6031,50.937515,-3.304558,194,25.39,15.0,251.0,Nov-21,603239,2019-08-17 07:30:32:606,0.2131,0.267,10.3997,0.011,-0.0208,9.8066,-0.0161,0.1088,0.0042,-4.47,24.66,-16.49,259.39,2.68,-0.84
6032,50.937515,-3.304558,194,25.39,15.0,251.0,Nov-21,603341,2019-08-17 07:30:32:708,0.3682,0.2973,9.2221,0.0279,-0.0121,9.8066,-0.0033,-0.0904,-0.0245,-4.21,25.04,-15.98,259.39,2.68,-0.84
6033,50.937515,-3.304558,194,25.39,15.0,251.0,Nov-21,603439,2019-08-17 07:30:32:806,0.2559,0.1862,9.4145,0.0571,0.0118,9.8065,-0.0129,-0.0159,0.0011,-4.69,24.82,-16.18,257.19,2.81,-1.15
6034,50.937515,-3.304558,194,25.39,15.0,251.0,Nov-21,603541,2019-08-17 07:30:32:908,0.2527,-0.1793,9.6488,-0.0024,-0.0027,9.8066,0.0223,0.0353,0.0053,-4.15,25.19,-15.76,257.19,2.81,-1.15
6035,50.937466,-3.304927,195,25.79,13.0,254.2,Oct-20,603639,2019-08-17 07:30:33:006,-0.0158,-0.0857,11.2114,-0.0238,-0.0254,9.8066,0.0084,0.014,0.0096,-4.15,25.19,-15.76,257.19,2.81,-1.15
6036,50.937466,-3.304927,195,25.79,13.0,254.2,Oct-20,603739,2019-08-17 07:30:33:106,-0.2831,0.1113,9.0831,-0.0324,0.0228,9.8066,-0.0033,-0.0287,0.0042,-5.0,24.81,-16.1,257.28,2.64,-1.05
6037,50.937466,-3.304927,195,25.79,13.0,254.2,Oct-20,603839,2019-08-17 07:30:33:206,-0.4778,-0.117,10.167,-0.0216,0.0002,9.8066,-0.0129,-0.0137,0.0021,-4.97,24.16,-17.07,256.58,2.73,-0.84
6038,50.937466,-3.304927,195,25.79,13.0,254.2,Oct-20,603939,2019-08-17 07:30:33:306,0.2276,-0.0717,9.9963,-0.0324,0.0002,9.8066,-0.0129,-0.0137,0.0021,-4.97,24.16,-17.07,256.58,2.73,-0.84
6039,50.937466,-3.304927,195,25.79,13.0,254.2,Oct-20,604039,2019-08-17 07:30:33:406,0.056,0.1429,9.9897,0.0006,0.018,9.8066,0.0191,-0.0542,0.0064,-4.07,24.7,-16.53,259.26,2.68,-0.65
6040,50.937466,-3.304927,195,25.79,13.0,254.2,Oct-20,604140,2019-08-17 07:30:33:507,0.0808,0.3697,8.9466,0.0149,0.0297,9.8066,-0.0289,-0.0414,-0.0011,-4.37,24.56,-16.67,259.19,2.79,-0.64
6041,50.937466,-3.304927,195,25.79,13.0,254.2,Oct-20,604240,2019-08-17 07:30:33:607,-0.0643,0.0147,9.0938,0.0407,0.032,9.8065,0.0052,0.0076,-0.0203,-4.11,24.97,-16.12,259.19,2.79,-0.64
6042,50.937466,-3.304927,195,25.79,13.0,254.2,Oct-20,604340,2019-08-17 07:30:33:707,-0.0083,-0.2103,10.3589,0.0553,-0.0124,9.8065,-0.0448,0.0129,0.0042,-4.07,24.7,-16.53,259.25,2.78,-0.97
6043,50.937466,-3.304927,195,25.79,13.0,254.2,Oct-20,604440,2019-08-17 07:30:33:807,-0.4662,-0.2977,11.5993,0.0354,-0.0043,9.8066,0.0116,-0.0521,-0.0085,-4.02,24.86,-16.3,259.25,2.78,-0.97
6044,50.937393,-3.305295,195,25.75,12.0,254.4,Oct-21,604540,2019-08-17 07:30:33:907,0.6982,0.4827,7.5432,0.051,0.0114,9.8065,-0.0267,0.0395,-0.0064,-4.02,24.86,-16.3,259.25,2.78,-0.97
6045,50.937393,-3.305295,195,25.75,12.0,254.4,Oct-21,604639,2019-08-17 07:30:34:006,-0.055,-0.3355,9.9015,-0.006,-0.0011,9.8066,-0.0267,0.0395,-0.0064,-3.62,24.98,-16.21,259.33,2.9,-1.25
6046,50.937393,-3.305295,195,25.75,12.0,254.4,Oct-21,604739,2019-08-17 07:30:34:106,-0.1699,0.2719,9.211,-0.0054,0.0151,9.8066,-0.0044,-0.0265,0.016,-4.5,23.82,-17.67,256.45,2.88,-1.21
6047,50.937393,-3.305295,195,25.75,12.0,254.4,Oct-21,604839,2019-08-17 07:30:34:206,-0.4383,-0.0428,10.004,-0.0054,0.0151,9.8066,0.0106,0.0022,0.0224,-4.5,23.82,-17.67,256.45,2.88,-1.21
6048,50.937393,-3.305295,195,25.75,12.0,254.4,Oct-21,604939,2019-08-17 07:30:34:306,-0.3133,-0.0864,9.6464,-0.0189,0.053,9.8065,-0.0203,-0.002,-0.0011,-4.16,24.77,-16.4,259.14,3.16,-1.03
6049,50.937393,-3.305295,195,25.75,12.0,254.4,Oct-21,605039,2019-08-17 07:30:34:406,-0.3481,0.012,10.1653,-0.0038,-0.0183,9.8066,-0.031,-0.0073,-0.0021,-4.08,24.28,-17.15,258.66,3.05,-1.03
6050,50.937393,-3.305295,195,25.75,12.0,254.4,Oct-21,605139,2019-08-17 07:30:34:506,-0.2836,-0.0406,9.7677,0.0016,0.0097,9.8066,0.0223,-0.0457,-0.0096,-3.96,23.09,-18.74,258.02,2.98,-1.11
6051,50.937393,-3.305295,195,25.75,12.0,254.4,Oct-21,605240,2019-08-17 07:30:34:607,0.0868,0.0857,8.7838,0.0084,0.0124,9.8066,-0.0118,-0.0372,0.0256,-3.96,23.09,-18.74,258.02,2.98,-1.11
6052,50.937393,-3.305295,195,25.75,12.0,254.4,Oct-21,605339,2019-08-17 07:30:34:706,0.2669,-0.1619,9.7314,-0.0001,-0.0137,9.8066,0.0095,-0.0372,-0.0149,-3.96,22.62,-19.31,257.96,3.06,-1.15
6053,50.937393,-3.305295,195,25.75,12.0,254.4,Oct-21,605439,2019-08-17 07:30:34:806,0.3518,0.0602,9.6332,0.0082,-0.0164,9.8066,0.0095,-0.0372,-0.0149,-4.09,23.83,-17.76,257.96,3.06,-1.15
6054,50.93734,-3.305644,195,25.54,11.0,254.7,Oct-21,605540,2019-08-17 07:30:34:907,0.0597,-0.0775,10.3312,0.0255,-0.0028,9.8066,-0.0267,-0.0095,0.0021,-3.64,24.15,-17.42,258.69,3.08,-1.3
6055,50.93734,-3.305644,195,25.54,11.0,254.7,Oct-21,605639,2019-08-17 07:30:35:006,0.0597,-0.0775,10.3312,0.0255,-0.0028,9.8066,-0.0267,-0.0095,0.0021,-3.64,24.15,-17.42,258.69,3.08,-1.3
6056,50.93734,-3.305644,195,25.54,11.0,254.7,Oct-21,605739,2019-08-17 07:30:35:106,-0.0624,0.0548,9.3504,-0.0014,-0.0004,9.8066,-0.0225,-0.0074,-0.0021,-4.0,23.78,-17.85,258.58,3.07,-1.29
6057,50.93734,-3.305644,195,25.54,11.0,254.7,Oct-21,605839,2019-08-17 07:30:35:206,-0.0986,0.1266,10.6561,0.0074,-0.0072,9.8066,0.0116,0.0363,0.0096,-4.01,22.89,-18.97,258.58,3.07,-1.29
6058,50.93734,-3.305644,195,25.54,11.0,254.7,Oct-21,605940,2019-08-17 07:30:35:307,0.6681,0.3791,9.0712,0.0003,0.0152,9.8066,-0.0076,0.0097,0.0458,-4.01,22.89,-18.97,258.58,3.07,-1.29
6059,50.93734,-3.305644,195,25.54,11.0,254.7,Oct-21,606039,2019-08-17 07:30:35:406,-0.0568,-0.0974,10.4627,-0.0015,0.0182,9.8066,-0.0139,-0.0031,-0.0075,-4.0,23.78,-17.85,258.51,3.16,-1.27
6060,50.93734,-3.305644,195,25.54,11.0,254.7,Oct-21,606140,2019-08-17 07:30:35:507,0.2701,-0.1917,10.7393,0.0014,-0.0049,9.8066,-0.0139,-0.0031,-0.0075,-4.16,23.2,-18.55,257.94,3.14,-1.29
6061,50.93734,-3.305644,195,25.54,11.0,254.7,Oct-21,606239,2019-08-17 07:30:35:606,0.1084,-0.0286,10.0523,0.0121,-0.0196,9.8066,-0.0161,0.0076,-0.0021,-4.16,23.2,-18.55,257.94,3.14,-1.29
6062,50.93734,-3.305644,195,25.54,11.0,254.7,Oct-21,606339,2019-08-17 07:30:35:706,-0.2667,-0.5229,10.7679,-0.0211,-0.0273,9.8066,0.0308,0.0459,-0.0107,-3.65,23.73,-17.98,258.62,3.04,-1.38
6063,50.93734,-3.305644,195,25.54,11.0,254.7,Oct-21,606440,2019-08-17 07:30:35:807,0.5308,0.2065,8.1122,0.0068,-0.0063,9.8066,-0.0076,0.0267,-0.0032,-4.13,24.54,-16.75,259.26,2.86,-1.29
6064,50.93727,-3.305994,196,25.67,11.0,254.5,Oct-21,606539,2019-08-17 07:30:35:906,0.0546,-0.129,9.9729,0.008,0.0208,9.8066,0.0138,-0.0276,0.0149,-4.13,24.54,-16.75,259.26,2.86,-1.29
6065,50.93727,-3.305994,196,25.67,11.0,254.5,Oct-21,606640,2019-08-17 07:30:36:007,-0.3853,-0.1279,10.2647,-0.0098,0.0219,9.8066,-0.0086,-0.002,0.0,-3.67,24.86,-16.38,259.29,2.99,-1.31
6066,50.93727,-3.305994,196,25.67,11.0,254.5,Oct-21,606739,2019-08-17 07:30:36:106,0.1072,-0.1491,9.5877,0.0004,0.0179,9.8066,-0.0171,-0.0074,0.0128,-3.71,25.09,-16.02,259.22,3.09,-1.3
6067,50.93727,-3.305994,196,25.67,11.0,254.5,Oct-21,606839,2019-08-17 07:30:36:206,-0.0269,0.0106,9.22,0.0082,-0.0152,9.8066,0.0074,0.0044,0.0042,-3.67,24.86,-16.38,259.28,3.01,-1.36
6068,50.93727,-3.305994,196,25.67,11.0,254.5,Oct-21,606939,2019-08-17 07:30:36:306,-0.3141,-0.0129,10.4593,0.0043,-0.003,9.8066,0.0329,-0.0201,-0.0032,-3.63,24.6,-16.79,259.28,3.01,-1.36
6069,50.93727,-3.305994,196,25.67,11.0,254.5,Oct-21,607040,2019-08-17 07:30:36:407,-0.2518,0.0412,9.5036,-0.0041,0.0089,9.8066,-0.015,-0.0127,-0.0043,-4.13,24.54,-16.75,259.14,3.06,-1.33
6070,50.93727,-3.305994,196,25.67,11.0,254.5,Oct-21,607139,2019-08-17 07:30:36:506,-0.1752,-0.0679,9.9694,-0.014,-0.035,9.8066,-0.015,-0.0127,-0.0043,-4.13,24.54,-16.75,259.14,3.06,-1.33
6071,50.93727,-3.305994,196,25.67,11.0,254.5,Oct-21,607239,2019-08-17 07:30:36:606,-0.0131,0.1202,9.4393,0.0153,0.001,9.8066,-0.0129,0.0353,0.0074,-3.59,24.33,-17.18,258.83,2.84,-1.28
6072,50.93727,-3.305994,196,25.67,11.0,254.5,Oct-21,607339,2019-08-17 07:30:36:706,-0.1672,-0.1288,10.1529,0.0095,0.0176,9.8066,0.0127,-0.0276,-0.0096,-3.67,24.83,-16.44,259.37,2.86,-1.37
6073,50.93727,-3.305994,196,25.67,11.0,254.5,Oct-21,607440,2019-08-17 07:30:36:807,0.4267,0.0197,9.2499,0.02,0.0306,9.8066,-0.0225,0.0193,0.001,-3.83,25.4,-15.5,259.37,3.06,-1.45
6074,50.937233,-3.30634,197,25.72,11.0,254.9,Oct-21,607540,2019-08-17 07:30:36:907,0.5468,0.1261,8.8987,0.0221,-0.0004,9.8066,0.0052,-0.0287,-0.0064,-3.83,25.4,-15.5,259.37,3.06,-1.45
6075,50.937233,-3.30634,197,25.72,11.0,254.9,Oct-21,607639,2019-08-17 07:30:37:006,-0.0944,0.132,10.0332,0.0307,0.0021,9.8066,0.05,0.0033,-0.0213,-3.62,24.52,-16.9,259.16,3.11,-1.63
6076,50.937233,-3.30634,197,25.72,11.0,254.9,Oct-21,607739,2019-08-17 07:30:37:106,0.1988,-0.027,9.1924,-0.0057,0.0053,9.8066,-0.0225,-0.0521,0.0106,-3.69,25.02,-16.14,259.16,3.11,-1.63
6077,50.937233,-3.30634,197,25.72,11.0,254.9,Oct-21,607839,2019-08-17 07:30:37:206,0.2552,0.1099,8.9177,-0.0021,-0.0064,9.8066,-0.0715,-0.0595,0.0106,-2.68,25.5,-15.58,261.47,3.07,-1.62
6078,50.937233,-3.30634,197,25.72,11.0,254.9,Oct-21,607939,2019-08-17 07:30:37:306,0.3451,-0.3571,9.9289,0.0383,-0.0052,9.8066,-0.0715,-0.0595,0.0106,-2.68,25.5,-15.58,261.47,3.07,-1.62
6079,50.937233,-3.30634,197,25.72,11.0,254.9,Oct-21,608039,2019-08-17 07:30:37:406,0.3355,0.1888,9.1908,0.0225,0.0144,9.8066,-0.0033,0.0342,0.001,-3.16,24.77,-16.63,261.4,3.07,-1.85
6080,50.937233,-3.30634,197,25.72,11.0,254.9,Oct-21,608140,2019-08-17 07:30:37:507,0.2661,0.109,9.513,0.0206,0.0137,9.8066,0.0201,0.0353,0.0042,-3.16,24.77,-16.63,261.4,3.07,-1.85
6081,50.937233,-3.30634,197,25.72,11.0,254.9,Oct-21,608240,2019-08-17 07:30:37:607,0.2661,0.109,9.513,0.0206,0.0137,9.8066,0.0201,0.0353,0.0042,-3.16,24.77,-16.63,261.4,3.07,-1.85
6082,50.937233,-3.30634,197,25.72,11.0,254.9,Oct-21,608340,2019-08-17 07:30:37:707,0.1112,-0.0965,9.8458,0.0146,0.0081,9.8066,0.0351,0.0363,0.0064,-2.66,24.81,-16.65,261.37,3.13,-1.93
6083,50.937233,-3.30634,197,25.72,11.0,254.9,Oct-21,608439,2019-08-17 07:30:37:806,-0.0823,-0.0289,10.457,-0.0601,0.0191,9.8064,0.0351,0.0363,0.0064,-2.66,24.81,-16.65,261.37,3.13,-1.93
6084,50.937195,-3.306681,200,25.35,11.0,255.2,Oct-21,608539,2019-08-17 07:30:37:906,-0.2296,0.0052,9.64,-0.0006,0.0166,9.8066,0.0137,-0.0201,-0.0117,-3.17,24.29,-17.32,260.93,3.19,-1.56
6085,50.937195,-3.306681,200,25.35,11.0,255.2,Sep-21,608640,2019-08-17 07:30:38:007,-0.2731,0.0833,10.3599,-0.0015,0.0043,9.8066,-0.0044,0.0246,0.0042,-3.08,24.62,-16.86,261.27,3.21,-1.55
6086,50.937195,-3.306681,200,25.35,11.0,255.2,Sep-21,608739,2019-08-17 07:30:38:106,0.1221,-0.1289,10.3256,0.0048,-0.0217,9.8066,-0.0139,0.0203,0.0042,-3.08,24.62,-16.86,261.27,3.21,-1.55
6087,50.937195,-3.306681,200,25.35,11.0,255.2,Sep-21,608840,2019-08-17 07:30:38:207,-0.3775,0.0868,10.1142,-0.0008,0.0073,9.8066,-0.031,0.0321,0.0128,-3.65,24.64,-16.71,259.17,3.09,-1.6
6088,50.937195,-3.306681,200,25.35,11.0,255.2,Sep-21,608940,2019-08-17 07:30:38:307,0.0841,-0.4762,11.114,0.01,-0.0085,9.8066,-0.0129,0.0108,-0.0085,-3.6,24.77,-16.54,259.14,3.13,-1.58
6089,50.937195,-3.306681,200,25.35,11.0,255.2,Sep-21,609040,2019-08-17 07:30:38:407,0.1131,0.3823,9.6879,0.0027,-0.0056,9.8066,-0.0299,0.0161,0.0096,-2.85,24.28,-17.39,260.99,3.1,-1.61
6090,50.937195,-3.306681,200,25.35,11.0,255.2,Sep-21,609141,2019-08-17 07:30:38:508,0.3874,0.0595,10.2646,0.0147,-0.0113,9.8066,-0.0299,0.0161,0.0096,-2.85,24.28,-17.39,260.99,3.1,-1.61
6091,50.937195,-3.306681,200,25.35,11.0,255.2,Sep-21,609239,2019-08-17 07:30:38:606,0.46,0.0241,9.7261,0.0099,-0.0099,9.8066,0.0127,-0.0095,-0.0309,-2.81,24.02,-17.75,260.93,3.05,-1.73
6092,50.937195,-3.306681,200,25.35,11.0,255.2,Sep-21,609340,2019-08-17 07:30:38:707,0.1614,0.0745,9.8093,0.009,-0.0213,9.8066,-0.0054,0.0235,0.0064,-3.36,23.59,-18.23,260.93,3.05,-1.73
6093,50.937195,-3.306681,200,25.35,11.0,255.2,Sep-21,609439,2019-08-17 07:30:38:806,0.0905,0.0494,9.4501,0.0229,-0.0173,9.8066,-0.0076,-0.0127,0.0064,-3.24,23.68,-18.13,261.01,2.97,-1.88
6094,50.937195,-3.306681,200,25.35,11.0,255.2,Sep-21,609540,2019-08-17 07:30:38:907,0.125,-0.0385,9.652,0.0062,0.0193,9.8066,-0.0076,-0.0532,0.0064,-2.81,23.98,-17.8,261.01,2.97,-1.88
6095,50.93712,-3.307054,201,25.53,11.0,255.0,Sep-21,609639,2019-08-17 07:30:39:006,0.2656,0.1945,9.6882,-0.0108,0.0412,9.8066,0.0255,0.0065,0.0298,-2.81,23.98,-17.8,261.01,2.97,-1.88
6096,50.93712,-3.307054,201,25.53,11.0,255.0,Sep-21,609739,2019-08-17 07:30:39:106,-0.136,0.0042,10.0745,-0.0176,0.002,9.8066,-0.0065,-0.0127,0.0096,-3.24,23.68,-18.13,260.84,3.2,-1.77
6097,50.93712,-3.307054,201,25.53,11.0,255.0,Sep-21,609839,2019-08-17 07:30:39:206,-0.1713,0.2383,8.6892,-0.0321,0.0007,9.8066,-0.0033,-0.0585,-0.0053,-2.78,24.08,-17.67,260.83,3.17,-1.59
6098,50.93712,-3.307054,201,25.53,11.0,255.0,Sep-21,609939,2019-08-17 07:30:39:306,0.2462,0.3413,9.5555,-0.005,0.0106,9.8066,-0.0289,0.0065,0.0192,-2.78,24.08,-17.67,260.83,3.17,-1.59
6099,50.93712,-3.307054,201,25.53,11.0,255.0,Sep-21,610040,2019-08-17 07:30:39:407,-0.0538,0.1424,10.1173,0.0158,0.0139,9.8066,-0.0289,0.0065,0.0192,-2.84,24.21,-17.49,260.89,3.27,-1.67
6100,50.93712,-3.307054,201,25.53,11.0,255.0,Sep-21,610140,2019-08-17 07:30:39:507,0.2814,0.0522,9.2802,0.0137,0.0004,9.8066,-0.0001,0.0001,0.0032,-2.84,24.21,-17.49,260.89,3.27,-1.67
6101,50.93712,-3.307054,201,25.53,11.0,255.0,Sep-21,610240,2019-08-17 07:30:39:607,0.125,0.1733,10.4214,0.0089,-0.0071,9.8066,0.0169,-0.001,-0.0085,-2.83,24.56,-16.99,261.25,3.28,-1.75
6102,50.93712,-3.307054,201,25.53,11.0,255.0,Sep-21,610339,2019-08-17 07:30:39:706,0.2023,0.1764,9.3138,-0.0095,0.004,9.8066,-0.0012,0.0118,0.016,-2.81,23.88,-17.94,260.83,3.23,-1.84
6103,50.93712,-3.307054,201,25.53,11.0,255.0,Sep-21,610440,2019-08-17 07:30:39:807,-0.1562,-0.1139,10.009,-0.0269,-0.0011,9.8066,0.0233,0.0331,0.0096,-2.8,24.31,-17.36,260.83,3.23,-1.84
6104,50.93712,-3.307054,201,25.53,11.0,255.0,Sep-21,610540,2019-08-17 07:30:39:907,0.1003,-0.0221,10.5512,-0.0092,0.0106,9.8066,-0.0022,0.0289,0.0149,-3.27,24.27,-17.33,260.94,3.2,-1.69
6105,50.937057,-3.307406,200,25.44,10.0,255.2,Sep-20,610639,2019-08-17 07:30:40:006,0.1631,0.0727,10.2374,-0.0204,0.0221,9.8066,-0.0225,-0.0276,0.0032,-3.27,24.27,-17.33,260.94,3.2,-1.69
6106,50.937057,-3.307406,200,25.44,10.0,255.2,Sep-20,610739,2019-08-17 07:30:40:106,0.0232,0.1338,10.1676,-0.0127,-0.0104,9.8066,-0.0225,-0.0148,0.0149,-2.75,23.83,-18.02,260.73,3.31,-1.55
6107,50.937057,-3.307406,200,25.44,10.0,255.2,Sep-20,610839,2019-08-17 07:30:40:206,0.2535,-0.2851,9.4952,-0.0024,-0.0059,9.8066,-0.0225,-0.0148,0.0149,-2.83,24.53,-17.04,261.24,3.24,-1.49
6108,50.937057,-3.307406,200,25.44,10.0,255.2,Sep-20,610939,2019-08-17 07:30:40:306,-0.1853,0.25,8.9255,-0.0414,0.0035,9.8066,0.0042,0.064,0.0128,-3.23,24.43,-17.12,260.86,3.22,-1.24
6109,50.937057,-3.307406,200,25.44,10.0,255.2,Sep-20,611040,2019-08-17 07:30:40:407,-0.1892,-0.1633,9.5471,-0.0075,0.0382,9.8066,-0.0257,-0.0127,-0.0043,-3.23,24.43,-17.12,260.86,3.22,-1.24
6110,50.937057,-3.307406,200,25.44,10.0,255.2,Sep-20,611140,2019-08-17 07:30:40:507,0.5501,0.3859,8.1461,0.0059,0.0345,9.8066,0.0233,0.0161,-0.0022,-2.78,23.65,-18.24,260.6,3.43,-1.25
6111,50.937057,-3.307406,200,25.44,10.0,255.2,Sep-20,611239,2019-08-17 07:30:40:606,0.3345,0.2455,9.2413,0.0185,-0.0471,9.8065,-0.031,0.0917,-0.0096,-2.31,24.08,-17.74,260.6,3.43,-1.25
6112,50.937057,-3.307406,200,25.44,10.0,255.2,Sep-20,611339,2019-08-17 07:30:40:706,-0.1143,-0.0433,10.4413,0.0169,0.0037,9.8066,0.0031,-0.0169,-0.0224,-2.87,24.0,-17.77,260.8,3.17,-1.4
6113,50.937057,-3.307406,200,25.44,10.0,255.2,Sep-20,611440,2019-08-17 07:30:40:807,0.3393,0.209,8.9193,0.0257,0.0286,9.8066,0.0191,0.0033,0.001,-2.77,24.05,-17.72,260.69,3.36,-1.52
6114,50.937057,-3.307406,200,25.44,10.0,255.2,Sep-20,611540,2019-08-17 07:30:40:907,0.0743,0.2132,9.2301,-0.0062,0.0067,9.8066,0.0074,0.0278,0.0138,-2.77,24.05,-17.72,260.69,3.36,-1.52
6115,50.937,-3.307758,199,25.88,10.0,254.9,Jul-21,611639,2019-08-17 07:30:41:006,-0.2145,0.1809,9.583,-0.0095,-0.0075,9.8066,0.0074,0.0278,0.0138,-3.23,24.01,-17.69,260.66,3.39,-1.48
6116,50.937,-3.307758,199,25.88,10.0,254.9,Jul-21,611739,2019-08-17 07:30:41:106,-0.562,0.1183,9.8705,-0.0265,0.0228,9.8066,-0.0129,-0.0105,0.0277,-2.33,24.34,-17.38,260.66,3.39,-1.48
6117,50.937,-3.307758,199,25.88,10.0,254.9,Jul-21,611839,2019-08-17 07:30:41:206,-0.4301,0.2999,8.473,-0.0621,0.0614,9.8063,0.0212,0.047,-0.0064,-2.8,24.31,-17.36,260.52,3.69,-1.06
6118,50.937,-3.307758,199,25.88,10.0,254.9,Jul-21,611939,2019-08-17 07:30:41:306,-0.6054,-0.2142,10.7667,-0.0129,-0.0206,9.8066,-0.0353,0.0534,0.0117,-2.8,24.31,-17.36,260.52,3.69,-1.06
6119,50.937,-3.307758,199,25.88,10.0,254.9,Jul-21,612039,2019-08-17 07:30:41:406,0.3247,-0.0477,9.5761,-0.0098,-0.0547,9.8065,0.0127,0.0353,0.0149,-2.78,24.08,-17.67,260.52,3.69,-1.06
6120,50.937,-3.307758,199,25.88,10.0,254.9,Jul-21,612140,2019-08-17 07:30:41:507,0.1834,-0.1526,9.7442,-0.0081,-0.0152,9.8066,0.0052,-0.0137,-0.0022,-3.38,24.19,-17.43,260.73,3.36,-1.06
6121,50.937,-3.307758,199,25.88,10.0,254.9,Jul-21,612240,2019-08-17 07:30:41:607,0.1525,-0.0421,9.5731,-0.0095,-0.0223,9.8066,0.0201,-0.0159,0.016,-2.78,24.08,-17.67,260.73,3.36,-1.06
6122,50.937,-3.307758,199,25.88,10.0,254.9,Jul-21,612340,2019-08-17 07:30:41:707,0.049,0.1236,8.9458,-0.0094,0.0097,9.8066,0.0201,-0.0159,0.016,-2.83,24.56,-16.99,261.15,3.27,-1.03
6123,50.937,-3.307758,199,25.88,10.0,254.9,Jul-21,612440,2019-08-17 07:30:41:807,0.1201,0.1427,9.5424,0.0067,0.0334,9.8066,-0.0139,-0.0532,0.0128,-2.81,23.92,-17.89,260.62,3.31,-0.96
6124,50.937,-3.307758,199,25.88,10.0,254.9,Jul-20,612540,2019-08-17 07:30:41:907,0.0358,0.1329,9.4688,0.0152,0.0562,9.8065,-0.0033,-0.0223,0.0117,-2.81,23.92,-17.89,260.62,3.31,-0.96
6125,50.936947,-3.308109,199,25.63,10.0,255.0,Jul-20,612639,2019-08-17 07:30:42:006,-0.1643,-0.4144,10.6131,0.0079,-0.0155,9.8066,-0.0203,0.0374,0.0191,-2.87,24.4,-17.21,260.53,3.65,-1.0
6126,50.936947,-3.308109,199,25.63,10.0,255.0,Jul-20,612740,2019-08-17 07:30:42:107,0.128,0.1344,9.9478,0.022,-0.0391,9.8065,-0.0065,0.0715,-0.0011,-2.84,23.77,-18.08,260.57,3.45,-1.16
6127,50.936947,-3.308109,199,25.63,10.0,255.0,Jul-20,612840,2019-08-17 07:30:42:207,0.0114,0.2708,9.2395,0.006,-0.0168,9.8066,0.0052,-0.0233,0.0096,-2.77,24.5,-17.09,260.57,3.45,-1.16
6128,50.936947,-3.308109,199,25.63,10.0,255.0,Jul-20,612940,2019-08-17 07:30:42:307,-0.1285,-0.052,9.931,-0.0062,-0.0183,9.8066,0.0276,0.0129,-0.0096,-2.77,24.5,-17.09,260.57,3.45,-1.16
6129,50.936947,-3.308109,199,25.63,10.0,255.0,Jul-20,613039,2019-08-17 07:30:42:406,-0.2917,-0.0893,9.4603,-0.0234,0.0005,9.8066,0.002,-0.0084,-0.0011,-3.24,23.65,-18.18,260.64,3.34,-1.14
6130,50.936947,-3.308109,199,25.63,10.0,255.0,Jul-20,613140,2019-08-17 07:30:42:507,0.2872,0.249,8.8833,-0.0318,-0.005,9.8066,-0.0097,-0.0052,-0.0032,-2.84,24.21,-17.49,260.77,3.28,-0.97
6131,50.936947,-3.308109,199,25.63,10.0,255.0,Jul-20,613239,2019-08-17 07:30:42:606,-0.5731,-0.4256,12.286,-0.002,0.0318,9.8066,-0.0097,-0.0052,-0.0032,-2.84,24.21,-17.49,260.77,3.28,-0.97
6132,50.936947,-3.308109,199,25.63,10.0,255.0,Jul-20,613339,2019-08-17 07:30:42:706,0.7313,0.2709,7.5733,0.0073,0.0521,9.8065,0.0148,0.0289,0.0064,-2.78,23.72,-18.16,260.43,3.59,-0.96
6133,50.936947,-3.308109,199,25.63,10.0,255.0,Jul-20,613439,2019-08-17 07:30:42:806,-0.4185,-0.2027,9.6192,0.0135,-0.0334,9.8066,-0.0022,0.0598,-0.0085,-2.78,24.08,-17.67,260.46,3.56,-0.98
6134,50.93689,-3.308464,198,25.85,10.0,254.7,Jul-20,613539,2019-08-17 07:30:42:906,0.6438,0.0555,8.1671,0.0225,-0.0336,9.8066,0.0042,0.0353,0.0032,-2.78,24.08,-17.67,260.46,3.56,-0.98
6135,50.93689,-3.308464,198,25.85,10.0,254.7,Jul-20,613639,2019-08-17 07:30:43:006,-0.0958,-0.269,11.0188,0.0233,0.0252,9.8066,0.002,-0.0329,0.0096,-2.75,23.46,-18.49,260.21,3.38,-1.15
6136,50.93689,-3.308464,198,25.85,10.0,254.7,Jul-20,613740,2019-08-17 07:30:43:107,-0.5184,-0.0435,10.3987,0.0279,0.0645,9.8064,-0.0182,-0.0223,0.0202,-2.34,23.98,-17.88,260.21,3.38,-1.15
6137,50.93689,-3.308464,198,25.85,10.0,254.7,Jul-20,613839,2019-08-17 07:30:43:206,0.0851,0.2559,8.6069,0.0198,0.0429,9.8065,0.0201,0.0331,-0.0043,-2.81,23.54,-18.38,260.44,3.65,-1.22
6138,50.93689,-3.308464,198,25.85,10.0,254.7,Jul-20,613939,2019-08-17 07:30:43:306,0.2065,0.1381,9.6851,0.0063,-0.0211,9.8066,0.0201,0.0331,-0.0043,-2.81,23.54,-18.38,260.44,3.65,-1.22
6139,50.93689,-3.308464,198,25.85,10.0,254.7,Jul-20,614040,2019-08-17 07:30:43:407,-0.011,-0.068,10.1171,0.0293,-0.0119,9.8066,-0.0257,-0.0137,0.0074,-2.36,24.24,-17.52,262.79,3.61,-1.4
6140,50.93689,-3.308464,198,25.85,10.0,254.7,Jul-20,614139,2019-08-17 07:30:43:506,0.1296,-0.0842,9.8619,0.0152,-0.0046,9.8066,-0.0033,0.0289,0.0,-2.33,24.4,-17.29,262.79,3.61,-1.4
6141,50.93689,-3.308464,198,25.85,10.0,254.7,Jul-20,614239,2019-08-17 07:30:43:606,0.0382,-0.1366,9.423,0.0175,-0.0063,9.8066,-0.0022,0.0012,0.0064,-2.33,24.4,-17.29,262.79,3.61,-1.4
6142,50.93689,-3.308464,198,25.85,10.0,254.7,Jul-20,614339,2019-08-17 07:30:43:706,-0.0048,-0.0744,9.5361,0.0131,0.0096,9.8066,0.0074,0.0278,0.0085,-2.34,24.01,-17.83,262.82,3.59,-1.5
6143,50.93689,-3.308464,198,25.85,10.0,254.7,Jul-20,614439,2019-08-17 07:30:43:806,0.2182,0.1456,9.347,0.0028,0.03,9.8066,0.0095,-0.0414,0.0074,-2.81,23.98,-17.8,262.82,3.59,-1.5
6144,50.93689,-3.308464,198,25.85,10.0,254.7,Jul-20,614540,2019-08-17 07:30:43:907,-0.1191,-0.1448,10.1795,-0.0164,-0.0012,9.8066,-0.0097,0.0054,0.0074,-2.81,24.34,-17.31,260.55,3.76,-1.5
6145,50.93682,-3.308824,196,25.97,10.0,254.4,Jul-20,614640,2019-08-17 07:30:44:007,-0.1684,0.1015,10.1153,-0.0241,-0.0077,9.8066,-0.0097,0.0054,0.0074,-2.81,24.34,-17.31,260.55,3.76,-1.5
6146,50.93682,-3.308824,196,25.97,10.0,254.4,Jul-20,614739,2019-08-17 07:30:44:106,0.0651,0.1235,9.1379,-0.01,0.0166,9.8066,-0.0022,-0.0074,0.0074,-2.81,24.34,-17.31,260.57,3.7,-1.37
6147,50.93682,-3.308824,196,25.97,10.0,254.4,Jul-20,614839,2019-08-17 07:30:44:206,0.0912,-0.3875,10.6599,-0.0121,0.0063,9.8066,0.0159,-0.0084,-0.0054,-2.31,24.18,-17.61,260.57,3.7,-1.37
6148,50.93682,-3.308824,196,25.97,10.0,254.4,Jul-20,614939,2019-08-17 07:30:44:306,0.2265,-0.224,10.2131,-0.0151,-0.0153,9.8066,-0.0193,0.0033,0.0096,-2.8,24.41,-17.22,260.62,3.59,-1.29
6149,50.93682,-3.308824,196,25.97,10.0,254.4,Jul-20,615039,2019-08-17 07:30:44:406,0.2743,0.0697,9.6358,-0.0019,-0.0125,9.8066,-0.0161,-0.0617,-0.0022,-2.8,24.41,-17.22,260.62,3.59,-1.29
6150,50.93682,-3.308824,196,25.97,10.0,254.4,Jul-20,615140,2019-08-17 07:30:44:507,0.3,-0.2026,10.0201,0.0152,-0.0149,9.8066,-0.0065,0.0065,-0.0054,-2.32,23.75,-18.18,262.85,3.52,-1.4
6151,50.93682,-3.308824,196,25.97,10.0,254.4,Jul-20,615240,2019-08-17 07:30:44:607,0.5903,0.2506,8.9052,0.0034,0.0106,9.8066,0.0148,-0.0287,0.0042,-2.37,24.28,-17.47,263.0,3.53,-1.53
6152,50.93682,-3.308824,196,25.97,10.0,254.4,Jul-20,615340,2019-08-17 07:30:44:707,-0.5714,-0.053,10.7715,-0.0176,0.0402,9.8066,0.0446,0.0203,0.0213,-2.37,24.28,-17.47,263.0,3.53,-1.53
6153,50.93682,-3.308824,196,25.97,10.0,254.4,Jul-20,615440,2019-08-17 07:30:44:807,-0.7412,0.0093,9.9782,-0.0428,0.0288,9.8065,0.0084,-0.0042,0.0202,-2.87,24.5,-17.07,260.91,3.75,-1.4
6154,50.936768,-3.309199,195,26.33,11.0,255.1,Jul-19,615540,2019-08-17 07:30:44:907,-0.6486,0.1587,9.5262,-0.0901,0.0233,9.8062,0.0084,-0.0042,0.0202,-2.26,24.12,-17.69,260.91,3.75,-1.4
6155,50.936768,-3.309199,195,26.33,11.0,255.1,Jul-19,615639,2019-08-17 07:30:45:006,-0.7862,-0.2064,10.5302,-0.1311,0.0038,9.8058,-0.0129,0.0438,0.0149,-2.81,23.98,-17.8,260.33,3.65,-0.64
6156,50.936768,-3.309199,195,26.33,11.0,255.1,Jul-19,615739,2019-08-17 07:30:45:106,-0.2611,-0.3159,9.7867,-0.0079,-0.0041,9.8066,-0.0001,-0.0169,-0.0043,-2.81,23.98,-17.8,260.33,3.65,-0.64
6157,50.936768,-3.309199,195,26.33,11.0,255.1,Jul-19,615840,2019-08-17 07:30:45:207,-0.1205,-0.3285,11.5654,-0.0116,-0.0033,9.8066,-0.031,0.0235,0.016,-2.81,23.98,-17.8,260.34,3.62,-0.58
6158,50.936768,-3.309199,195,26.33,11.0,255.1,Jul-19,615940,2019-08-17 07:30:45:307,0.528,-0.1265,9.6876,0.0155,0.0063,9.8066,-0.031,-0.0351,-0.0086,-2.81,23.98,-17.8,260.34,3.62,-0.58
6159,50.936768,-3.309199,195,26.33,11.0,255.1,Jul-19,616040,2019-08-17 07:30:45:407,0.4096,-0.0876,9.853,0.0266,0.0034,9.8066,0.001,-0.0191,-0.0032,-2.81,23.98,-17.8,260.32,3.67,-0.66
6160,50.936768,-3.309199,195,26.33,11.0,255.1,Jul-19,616139,2019-08-17 07:30:45:506,0.1682,-0.0588,9.375,0.0017,0.0087,9.8066,0.0287,-0.0276,0.0138,-2.8,24.41,-17.22,260.46,3.72,-0.81
6161,50.936768,-3.309199,195,26.33,11.0,255.1,Jul-19,616239,2019-08-17 07:30:45:606,0.0079,-0.341,10.0766,0.0255,0.0179,9.8066,0.0074,-0.0116,-0.0117,-2.8,24.41,-17.22,260.46,3.72,-0.81
6162,50.936768,-3.309199,195,26.33,11.0,255.1,Jul-19,616340,2019-08-17 07:30:45:707,-0.0346,-0.0442,10.2987,0.0153,0.0092,9.8066,-0.0246,0.0416,0.0298,-1.89,24.3,-17.49,262.7,3.85,-0.94
6163,50.936768,-3.309199,195,26.33,11.0,255.1,Jul-19,616439,2019-08-17 07:30:45:806,0.004,-0.2721,10.4353,0.0265,0.0177,9.8066,-0.0246,0.0416,0.0298,-2.43,23.93,-17.92,262.7,3.85,-0.94
6164,50.936714,-3.309521,194,25.36,11.0,255.1,Jul-19,616540,2019-08-17 07:30:45:907,0.2247,0.3055,10.3163,0.0024,0.0288,9.8066,0.0042,-0.0116,0.0138,-2.29,23.96,-17.91,262.49,3.97,-1.08
6165,50.936714,-3.309521,194,25.36,11.0,255.1,Jul-19,616639,2019-08-17 07:30:46:006,-0.1252,0.1905,9.9298,-0.01,0.0302,9.8066,0.0031,0.0161,0.0213,-2.29,23.96,-17.91,262.49,3.97,-1.08
6166,50.936714,-3.309521,194,25.36,11.0,255.1,Jul-19,616739,2019-08-17 07:30:46:106,-0.4604,-0.0445,10.3025,-0.0365,-0.031,9.8065,0.0095,0.0555,0.0138,-2.37,23.84,-18.06,262.36,4.13,-1.0
6167,50.936714,-3.309521,194,25.36,11.0,255.1,Jul-19,616840,2019-08-17 07:30:46:207,-0.3463,-0.1059,9.283,-0.0276,-0.0571,9.8064,-0.0108,0.0022,0.0064,-1.92,24.14,-17.71,262.47,3.93,-0.81
6168,50.936714,-3.309521,194,25.36,11.0,255.1,Jul-19,616939,2019-08-17 07:30:46:306,-0.2205,0.1877,8.9337,-0.047,-0.0707,9.8063,-0.0097,0.0289,0.033,-3.24,24.15,-17.5,260.44,3.48,-0.59
6169,50.936714,-3.309521,194,25.36,11.0,255.1,Jul-19,617040,2019-08-17 07:30:46:407,-0.4823,0.1617,9.534,-0.0069,0.0381,9.8066,0.0031,-0.0425,0.0149,-2.88,24.07,-17.67,260.44,3.48,-0.59
6170,50.936714,-3.309521,194,25.36,11.0,255.1,Jul-19,617140,2019-08-17 07:30:46:507,0.0211,0.1098,9.9821,-0.0186,0.0703,9.8064,-0.0267,-0.0372,0.0181,-2.34,24.44,-17.24,262.61,3.87,-0.42
6171,50.936714,-3.309521,194,25.36,11.0,255.1,Jul-19,617240,2019-08-17 07:30:46:607,0.23,0.128,9.3652,0.0104,0.0297,9.8066,-0.0267,-0.0372,0.0181,-2.34,24.44,-17.24,262.61,3.87,-0.42
6172,50.936714,-3.309521,194,25.36,11.0,255.1,Jul-19,617339,2019-08-17 07:30:46:706,0.0187,-0.2376,10.4742,0.0107,-0.0191,9.8066,-0.0033,0.0118,-0.0011,-3.25,23.72,-18.08,260.07,4.03,-0.63
6173,50.936714,-3.309521,194,25.36,11.0,255.1,Jul-19,617439,2019-08-17 07:30:46:806,0.3704,-0.122,10.3649,0.0047,-0.0227,9.8066,-0.0108,0.0001,0.0021,-2.85,23.85,-17.98,260.15,3.93,-0.71
6174,50.936714,-3.309521,194,25.36,11.0,255.1,Jul-19,617539,2019-08-17 07:30:46:906,0.2015,0.2741,8.8341,0.006,-0.0243,9.8066,0.0446,-0.0116,0.0042,-2.85,23.85,-17.98,260.15,3.93,-0.71
6175,50.93665,-3.309859,194,25.26,11.0,254.3,Jul-19,617639,2019-08-17 07:30:47:006,0.4633,0.3652,8.4423,-0.0053,0.0078,9.8066,0.0063,-0.067,-0.0032,-2.84,24.24,-17.44,260.4,3.79,-0.77
6176,50.93665,-3.309859,194,25.26,11.0,254.3,Jul-19,617740,2019-08-17 07:30:47:107,0.1074,-0.1792,10.2766,0.0047,0.0107,9.8066,0.0084,-0.0244,0.0021,-2.78,23.76,-18.11,260.4,3.79,-0.77
6177,50.93665,-3.309859,194,25.26,11.0,254.3,Jul-19,617840,2019-08-17 07:30:47:207,-0.1801,0.0463,10.0052,-0.0165,0.0144,9.8066,0.0191,-0.051,0.0138,-2.36,24.7,-16.87,262.94,3.86,-0.66
6178,50.93665,-3.309859,194,25.26,11.0,254.3,Jul-19,617939,2019-08-17 07:30:47:306,-0.6249,-0.082,10.4364,-0.0387,0.0046,9.8066,0.0191,-0.051,0.0138,-2.91,24.34,-17.29,262.94,3.86,-0.66
6179,50.93665,-3.309859,194,25.26,11.0,254.3,Jul-19,618039,2019-08-17 07:30:47:406,-0.3701,-0.1668,10.0316,-0.0644,0.0012,9.8064,0.0095,0.0182,0.0096,-2.91,24.34,-17.29,262.94,3.86,-0.66
6180,50.93665,-3.309859,194,25.26,11.0,254.3,Jul-19,618139,2019-08-17 07:30:47:506,-0.4113,0.0139,9.9801,-0.0774,0.0025,9.8063,-0.0107,-0.0074,0.0074,-2.83,24.66,-16.84,260.67,3.82,-0.21
6181,50.93665,-3.309859,194,25.26,11.0,254.3,Jul-19,618242,2019-08-17 07:30:47:609,0.2357,0.1007,10.1418,0.0352,0.0016,9.8066,-0.0289,-0.001,-0.0064,-2.36,24.73,-16.81,262.92,3.8,-0.25
6182,50.93665,-3.309859,194,25.26,11.0,254.3,Jul-19,618339,2019-08-17 07:30:47:706,0.6122,0.1293,9.7691,0.0848,0.0095,9.8063,-0.0203,-0.0084,-0.0128,-2.36,24.73,-16.81,262.92,3.8,-0.25
6183,50.93665,-3.309859,194,25.26,11.0,254.3,Jul-19,618440,2019-08-17 07:30:47:807,0.234,0.1168,9.5372,0.0349,0.0003,9.8066,0.0063,0.0033,-0.016,-2.92,23.94,-17.85,260.16,3.92,-0.74
6184,50.93665,-3.309859,194,25.26,11.0,254.3,Jul-19,618539,2019-08-17 07:30:47:906,0.303,-0.2611,10.4989,0.0748,-0.0157,9.8064,-0.0139,0.0012,0.0,-2.37,24.28,-17.47,260.16,3.92,-0.74
6185,50.936584,-3.310228,195,25.51,10.0,254.4,Jul-19,618640,2019-08-17 07:30:48:007,0.49,-0.1298,9.4412,0.0319,-0.0198,9.8066,-0.0139,0.0012,0.0,-1.9,23.91,-18.02,262.55,3.9,-1.18
6186,50.936584,-3.310228,195,25.51,10.0,254.4,Jul-19,618739,2019-08-17 07:30:48:106,0.0429,-0.0466,9.8016,0.0199,-0.0214,9.8066,0.0383,-0.0191,0.0085,-2.85,24.28,-17.39,260.5,3.79,-1.32
6187,50.936584,-3.310228,195,25.51,10.0,254.4,Jul-19,618840,2019-08-17 07:30:48:207,-0.0834,0.0125,9.4007,-0.0266,0.0028,9.8066,0.0255,-0.0457,0.0106,-2.85,24.28,-17.39,260.5,3.79,-1.32
6188,50.936584,-3.310228,195,25.51,10.0,254.4,Jul-19,618939,2019-08-17 07:30:48:306,-0.0099,-0.0089,9.2775,-0.0124,0.0133,9.8066,-0.0299,-0.0233,0.0234,-1.91,24.98,-16.5,263.2,3.78,-1.16
6189,50.936584,-3.310228,195,25.51,10.0,254.4,Jul-19,619040,2019-08-17 07:30:48:407,-0.4413,0.1816,9.107,-0.0347,0.0265,9.8066,-0.0214,0.0981,0.0266,-2.35,25.43,-15.75,263.1,3.91,-0.94
6190,50.936584,-3.310228,195,25.51,10.0,254.4,Jul-19,619139,2019-08-17 07:30:48:506,-0.1159,0.2753,9.0507,-0.0253,0.0188,9.8066,0.0201,0.0076,0.0,-2.86,24.92,-16.46,263.1,3.91,-0.94
6191,50.936584,-3.310228,195,25.51,10.0,254.4,Jul-19,619240,2019-08-17 07:30:48:607,-0.4367,-0.0585,10.7687,-0.0428,0.0307,9.8065,0.0244,-0.0106,-0.0086,-2.86,24.92,-16.46,263.1,3.91,-0.94
6192,50.936584,-3.310228,195,25.51,10.0,254.4,Jul-19,619340,2019-08-17 07:30:48:707,0.1996,0.2328,8.539,0.0028,-0.0019,9.8066,0.0244,-0.0106,-0.0086,-2.41,25.21,-16.08,262.97,4.06,-0.67
6193,50.936584,-3.310228,195,25.51,10.0,254.4,Jul-19,619439,2019-08-17 07:30:48:806,-0.1182,-0.215,9.9555,0.018,-0.0337,9.8066,-0.0374,0.0459,0.016,-2.83,24.66,-16.84,262.97,4.06,-0.67
6194,50.936584,-3.310228,195,25.51,10.0,254.4,Jul-19,619540,2019-08-17 07:30:48:907,-0.2375,-0.2261,10.6556,0.0461,-0.0769,9.8062,-0.0289,0.0129,0.0138,-2.83,25.07,-16.24,261.04,3.65,-0.99
6195,50.936504,-3.310573,194,25.51,10.0,254.3,Jun-19,619639,2019-08-17 07:30:49:006,0.1419,0.1918,9.0837,0.0215,0.0265,9.8066,0.0489,-0.0297,-0.016,-2.83,25.07,-16.24,261.04,3.65,-0.99
6196,50.936504,-3.310573,194,25.51,10.0,254.3,Jun-19,619739,2019-08-17 07:30:49:106,-0.5879,0.0968,10.0279,-0.0146,0.0499,9.8065,-0.0086,-0.018,0.0106,-2.44,24.99,-16.42,263.17,3.82,-1.09
6197,50.936504,-3.310573,194,25.51,10.0,254.3,Jun-19,619841,2019-08-17 07:30:49:208,0.014,0.0215,10.288,0.0057,0.0557,9.8065,-0.0076,0.0267,0.0096,-2.36,24.66,-16.92,262.82,4.15,-1.09
6198,50.936504,-3.310573,194,25.51,10.0,254.3,Jun-19,619939,2019-08-17 07:30:49:306,0.0763,0.2987,10.5978,0.0111,-0.0174,9.8066,0.0255,0.048,0.0021,-2.38,24.86,-16.63,262.89,4.05,-1.16
6199,50.936504,-3.310573,194,25.51,10.0,254.3,Jun-19,620040,2019-08-17 07:30:49:407,-0.0856,-0.2478,10.3426,-0.0133,0.0254,9.8066,-0.0566,-0.1032,0.0021,-2.38,24.86,-16.63,262.89,4.05,-1.16
6200,50.936504,-3.310573,194,25.51,10.0,254.3,Jun-19,620140,2019-08-17 07:30:49:507,0.1617,-0.0001,8.5023,-0.0171,0.0194,9.8066,-0.0566,-0.1032,0.0021,-2.41,25.11,-16.23,262.95,4.19,-1.07
6201,50.936504,-3.310573,194,25.51,10.0,254.3,Jun-19,620239,2019-08-17 07:30:49:606,0.4732,0.389,9.9162,-0.0178,0.0196,9.8066,0.0393,0.0725,0.001,-2.83,24.56,-16.99,262.95,4.19,-1.07
6202,50.936504,-3.310573,194,25.51,10.0,254.3,Jun-19,620339,2019-08-17 07:30:49:706,0.3382,0.1615,10.1035,0.0047,0.0176,9.8066,-0.0129,0.0171,0.0128,-2.83,24.56,-16.99,262.95,4.19,-1.07
6203,50.936504,-3.310573,194,25.51,10.0,254.3,Jun-19,620439,2019-08-17 07:30:49:806,-0.042,-0.0795,10.6499,0.0062,0.0,9.8066,-0.0246,-0.0255,0.0021,-1.91,24.47,-17.26,262.42,4.3,-1.08
6204,50.936443,-3.310927,193,25.66,10.0,254.2,Jun-19,620539,2019-08-17 07:30:49:906,-0.1844,-0.1997,9.8046,0.0015,-0.0431,9.8066,-0.0033,0.0267,0.0159,-1.93,24.69,-16.93,262.89,4.05,-1.12
6205,50.936443,-3.310927,193,25.66,10.0,254.2,Jun-19,620639,2019-08-17 07:30:50:006,-0.1922,0.0645,10.936,0.0089,-0.0249,9.8066,0.0063,0.0097,-0.0022,-1.95,24.49,-17.21,262.89,4.05,-1.12
6206,50.936443,-3.310927,193,25.66,10.0,254.2,Jun-19,620740,2019-08-17 07:30:50:107,0.1683,0.0898,9.005,0.0136,-0.0239,9.8066,0.0095,-0.0169,0.0,-2.43,24.89,-16.57,262.98,3.92,-1.22
6207,50.936443,-3.310927,193,25.66,10.0,254.2,Jun-19,620839,2019-08-17 07:30:50:206,0.1252,-0.0376,9.7117,-0.0102,0.0243,9.8066,-0.0171,-0.0329,0.0106,-2.43,24.89,-16.57,262.98,3.92,-1.22
6208,50.936443,-3.310927,193,25.66,10.0,254.2,Jun-19,620940,2019-08-17 07:30:50:307,-0.0332,0.1515,10.1477,-0.0035,0.0203,9.8066,-0.0171,-0.0329,0.0106,-2.4,25.0,-16.4,262.96,4.2,-1.2
6209,50.936443,-3.310927,193,25.66,10.0,254.2,Jun-19,621040,2019-08-17 07:30:50:407,0.0411,0.0824,10.2251,-0.0023,-0.0093,9.8066,-0.0118,0.0193,0.0085,-1.89,25.18,-16.2,262.88,4.32,-1.17
